(4389, 4492)
(2279, 2304)
(1475, 1650)
(703, 932)
(2229, 2429)
(6367, 6544)
(4955, 5083)
(767, 1008)
(5850, 5866)
(32, 292)
(6332, 6484)
(760, 1005)
(766, 767)
(2977, 3086)
(2828, 3087)
(810, 887)
(3646, 3687)
(5699, 5890)
(721, 904)
(4299, 4451)
(2967, 2989)
(1441, 1522)
(3, 135)
(4299, 4340)
(2364, 2381)
(4286, 4478)
(889, 895)
(6404, 6459)
(49, 65)
(3616, 3729)
(1467, 1708)
(2217, 2352)
(3538, 3628)
(1405, 1594)
(3644, 3711)
(3656, 3775)
(1472, 1587)
(6301, 6536)
(1454, 1494)
(2200, 2330)
(5684, 5865)
(84, 254)
(2171, 2393)
(2145, 2268)
(2251, 2332)
(207, 312)
(5644, 5871)
(1441, 1444)
(4246, 4406)
(878, 959)
(1507, 1675)
(2291, 2382)
(2128, 2180)
(758, 978)
(761, 884)
(5130, 5180)
(24, 74)
(5613, 5705)
(2881, 3049)
(2870, 2967)
(790, 1008)
(1546, 1685)
(1614, 1716)
(6456, 6599)
(4932, 5021)
(2146, 2292)
(1525, 1638)
(2362, 2417)
(4359, 4389)
(4254, 4379)
(1458, 1467)
(3648, 3656)
(69, 243)
(2100, 2307)
(5000, 5025)
(2154, 2302)
(4, 28)
(1493, 1641)
(3682, 3745)
(45, 54)
(3579, 3732)
(215, 262)
(1408, 1439)
(5679, 5688)
(3062, 3067)
(2155, 2406)
(4974, 5191)
(216, 294)
(5091, 5164)
(1487, 1677)
(2154, 2410)
(1533, 1676)
(6557, 6587)
(93, 237)
(4362, 4389)
(5640, 5866)
(21, 51)
(6390, 6534)
(160, 199)
(2220, 2419)
(4221, 4340)
(5714, 5716)
(2110, 2222)
(6372, 6584)
(3577, 3788)
(1430, 1616)
(3043, 3078)
(762, 882)
(721, 965)
(2289, 2292)
(2288, 2398)
(2953, 3000)
(766, 999)
(2165, 2207)
(2154, 2380)
(798, 896)
(1662, 1698)
(294, 306)
(2960, 3025)
(4205, 4401)
(2984, 3099)
(2888, 3105)
(4234, 4397)
(4316, 4354)
(2222, 2253)
(5, 59)
(4943, 4986)
(3572, 3699)
(2180, 2294)
(49, 177)
(20, 143)
(5674, 5745)
(1516, 1719)
(260, 286)
(2314, 2421)
(2941, 3119)
(2177, 2402)
(2146, 2258)
(49, 94)
(49, 307)
(2191, 2400)
(1516, 1594)
(5062, 5192)
(863, 930)
(709, 818)
(23, 301)
(179, 302)
(6303, 6365)
(969, 988)
(4398, 4446)
(4943, 5059)
(1464, 1594)
(35, 116)
(13, 74)
(2252, 2352)
(6512, 6520)
(195, 294)
(3034, 3119)
(5021, 5078)
(1445, 1472)
(2128, 2396)
(965, 1024)
(2305, 2412)
(724, 1014)
(6359, 6451)
(6390, 6544)
(2802, 2959)
(1586, 1718)
(838, 1021)
(4387, 4397)
(1523, 1534)
(6537, 6566)
(2875, 2879)
(709, 789)
(2905, 2967)
(93, 204)
(21, 109)
(6405, 6422)
(5826, 5869)
(1418, 1563)
(4956, 5002)
(5005, 5088)
(810, 847)
(1414, 1511)
(4366, 4481)
(6461, 6497)
(160, 313)
(93, 178)
(65, 323)
(262, 332)
(2953, 2984)
(4326, 4354)
(13, 308)
(5622, 5765)
(1444, 1711)
(91, 233)
(919, 932)
(987, 1015)
(5045, 5185)
(5016, 5036)
(3, 200)
(1641, 1648)
(1672, 1675)
(30, 293)
(6398, 6479)
(1486, 1700)
(3684, 3735)
(6480, 6520)
(4210, 4406)
(32, 199)
(746, 933)
(24, 318)
(1427, 1703)
(778, 944)
(2903, 2914)
(4915, 4966)
(4281, 4336)
(4281, 4490)
(59, 126)
(6456, 6589)
(1548, 1722)
(3575, 3648)
(1570, 1587)
(3656, 3727)
(4347, 4359)
(93, 257)
(6314, 6422)
(2964, 3108)
(6377, 6398)
(2856, 2900)
(1427, 1695)
(4340, 4379)
(154, 228)
(855, 870)
(3043, 3050)
(2122, 2231)
(6365, 6479)
(18, 243)
(878, 1024)
(4363, 4485)
(3089, 3104)
(4254, 4402)
(1646, 1726)
(969, 986)
(5067, 5148)
(3555, 3679)
(1410, 1525)
(2931, 3102)
(3651, 3689)
(2165, 2177)
(2936, 3096)
(1498, 1704)
(2931, 2933)
(2285, 2416)
(2216, 2403)
(3020, 3067)
(6332, 6567)
(1451, 1549)
(4947, 5152)
(4907, 5155)
(2851, 2972)
(2883, 2942)
(2192, 2288)
(3555, 3719)
(3588, 3628)
(151, 199)
(735, 896)
(1401, 1522)
(3547, 3775)
(6459, 6553)
(5618, 5717)
(2196, 2231)
(3000, 3110)
(1533, 1574)
(6429, 6478)
(3567, 3684)
(6478, 6534)
(2365, 2371)
(872, 913)
(2277, 2329)
(6338, 6571)
(4254, 4421)
(2249, 2416)
(3639, 3664)
(5613, 5811)
(2200, 2307)
(2221, 2391)
(2857, 3104)
(6486, 6587)
(2247, 2253)
(4904, 5052)
(2354, 2423)
(40, 51)
(767, 829)
(74, 243)
(4397, 4479)
(2145, 2260)
(219, 280)
(6439, 6517)
(41, 239)
(4468, 4482)
(1535, 1609)
(760, 779)
(5651, 5751)
(2316, 2354)
(798, 945)
(3043, 3087)
(299, 304)
(2960, 3116)
(1549, 1578)
(2241, 2308)
(5629, 5688)
(1439, 1653)
(2338, 2431)
(4340, 4431)
(2942, 3098)
(6478, 6512)
(895, 1006)
(5676, 5871)
(5118, 5185)
(1445, 1710)
(3692, 3764)
(892, 1021)
(4385, 4498)
(114, 223)
(1587, 1638)
(6325, 6455)
(4955, 5182)
(2160, 2380)
(1535, 1684)
(6365, 6587)
(1596, 1705)
(3617, 3644)
(2972, 3084)
(5111, 5151)
(969, 1000)
(140, 178)
(1413, 1624)
(2330, 2382)
(2875, 3090)
(2140, 2243)
(896, 1007)
(5034, 5148)
(2890, 3122)
(720, 803)
(2109, 2393)
(1427, 1498)
(3555, 3760)
(5625, 5665)
(240, 279)
(855, 857)
(2885, 2997)
(101, 301)
(2877, 2941)
(69, 286)
(758, 871)
(1613, 1698)
(5001, 5030)
(3596, 3726)
(906, 1030)
(2984, 2997)
(1414, 1619)
(4289, 4343)
(56, 210)
(3693, 3734)
(212, 227)
(4928, 5068)
(6355, 6403)
(1669, 1698)
(5088, 5179)
(4959, 5139)
(6404, 6543)
(6390, 6438)
(1613, 1650)
(4466, 4490)
(5619, 5651)
(5052, 5187)
(1458, 1606)
(4956, 5131)
(4219, 4479)
(3513, 3742)
(4307, 4490)
(2128, 2247)
(5148, 5176)
(6497, 6517)
(6393, 6553)
(2150, 2285)
(3084, 3124)
(822, 870)
(5613, 5894)
(101, 185)
(3550, 3741)
(4909, 4917)
(2801, 3054)
(5625, 5884)
(5751, 5829)
(767, 769)
(2849, 3015)
(1622, 1695)
(6364, 6572)
(1625, 1731)
(6398, 6572)
(3537, 3641)
(2216, 2346)
(3508, 3758)
(4959, 5199)
(6423, 6547)
(1622, 1670)
(202, 260)
(2842, 3014)
(3645, 3797)
(3556, 3741)
(6324, 6512)
(3546, 3628)
(2920, 3114)
(3537, 3778)
(2180, 2215)
(834, 945)
(761, 1007)
(1420, 1449)
(4302, 4336)
(5041, 5057)
(2101, 2428)
(4421, 4466)
(4490, 4498)
(2160, 2415)
(246, 312)
(158, 260)
(4281, 4443)
(4210, 4262)
(4904, 5173)
(153, 302)
(4450, 4470)
(30, 101)
(4262, 4458)
(108, 258)
(3567, 3664)
(2859, 3066)
(2109, 2401)
(2955, 3095)
(6388, 6533)
(5813, 5820)
(4386, 4407)
(2938, 3028)
(2901, 3089)
(3552, 3658)
(5025, 5148)
(5688, 5865)
(4285, 4389)
(4382, 4479)
(5646, 5763)
(5625, 5873)
(2231, 2371)
(5092, 5199)
(881, 926)
(735, 871)
(2249, 2269)
(4361, 4421)
(1619, 1700)
(2128, 2156)
(4379, 4440)
(6539, 6577)
(5003, 5092)
(3569, 3596)
(4205, 4446)
(868, 1022)
(2315, 2413)
(6536, 6597)
(6358, 6420)
(3510, 3647)
(2177, 2382)
(4956, 5091)
(3760, 3765)
(4258, 4446)
(4927, 4950)
(2921, 2939)
(2275, 2292)
(5747, 5890)
(3647, 3797)
(5712, 5763)
(791, 796)
(1420, 1599)
(2200, 2252)
(5757, 5880)
(4286, 4355)
(5606, 5630)
(5094, 5192)
(2362, 2367)
(886, 938)
(4956, 5164)
(2339, 2407)
(47, 213)
(2862, 3007)
(2175, 2409)
(105, 279)
(0, 329)
(111, 325)
(6459, 6533)
(867, 1022)
(1441, 1670)
(2118, 2264)
(4943, 5199)
(3700, 3789)
(5016, 5021)
(135, 139)
(769, 865)
(3585, 3687)
(4928, 5112)
(4276, 4379)
(762, 950)
(704, 834)
(200, 313)
(5717, 5854)
(1498, 1599)
(2801, 3089)
(2951, 3095)
(969, 1033)
(6367, 6405)
(91, 100)
(5665, 5796)
(1502, 1718)
(1410, 1637)
(2807, 2989)
(5052, 5062)
(2989, 3087)
(2243, 2249)
(3690, 3796)
(703, 878)
(863, 872)
(5673, 5849)
(4907, 5009)
(793, 1032)
(6338, 6512)
(4942, 5139)
(3079, 3083)
(1507, 1628)
(1443, 1653)
(2931, 3066)
(4336, 4383)
(2825, 3025)
(4343, 4453)
(93, 101)
(6420, 6567)
(5742, 5885)
(6384, 6405)
(3022, 3082)
(5634, 5816)
(1504, 1604)
(5735, 5763)
(1535, 1591)
(3036, 3068)
(2356, 2367)
(5041, 5182)
(2990, 3075)
(1455, 1724)
(2165, 2288)
(883, 887)
(5604, 5841)
(4920, 5092)
(717, 818)
(1490, 1684)
(2885, 3075)
(5012, 5041)
(2921, 3117)
(2128, 2150)
(20, 311)
(4208, 4403)
(2942, 2981)
(935, 940)
(2248, 2339)
(4947, 5047)
(798, 878)
(124, 317)
(6433, 6562)
(2156, 2264)
(5091, 5115)
(4237, 4264)
(2856, 2990)
(6588, 6589)
(2109, 2277)
(1613, 1632)
(2101, 2241)
(2239, 2329)
(5764, 5786)
(4323, 4377)
(2128, 2216)
(1563, 1587)
(91, 280)
(2239, 2241)
(3535, 3646)
(6472, 6479)
(1632, 1695)
(2927, 2984)
(2100, 2294)
(3733, 3796)
(782, 969)
(5676, 5822)
(1554, 1599)
(6322, 6478)
(6483, 6566)
(2845, 3118)
(215, 277)
(717, 822)
(4246, 4291)
(1514, 1590)
(104, 156)
(1563, 1624)
(179, 196)
(4970, 5112)
(6367, 6377)
(6364, 6542)
(1467, 1604)
(185, 282)
(6359, 6557)
(6486, 6533)
(6364, 6446)
(1402, 1419)
(5673, 5883)
(1451, 1677)
(101, 204)
(2207, 2344)
(4911, 5021)
(2849, 3113)
(936, 1029)
(6352, 6453)
(175, 325)
(1405, 1723)
(1430, 1573)
(2254, 2426)
(2802, 3082)
(791, 965)
(3664, 3702)
(6410, 6589)
(5676, 5782)
(185, 293)
(2104, 2423)
(5825, 5899)
(2380, 2412)
(1638, 1696)
(5625, 5705)
(5602, 5606)
(2211, 2425)
(2852, 2967)
(2156, 2217)
(2109, 2216)
(45, 62)
(6550, 6588)
(6548, 6554)
(177, 327)
(2800, 2972)
(3711, 3775)
(5849, 5896)
(2817, 3066)
(2344, 2408)
(2128, 2183)
(4213, 4326)
(3610, 3763)
(1657, 1675)
(4262, 4407)
(228, 287)
(1599, 1648)
(932, 933)
(2273, 2340)
(2896, 2941)
(2146, 2341)
(4323, 4440)
(2243, 2336)
(823, 863)
(959, 991)
(1650, 1712)
(4966, 5179)
(834, 961)
(2118, 2140)
(3, 240)
(3628, 3780)
(6447, 6514)
(6319, 6461)
(735, 1019)
(149, 333)
(41, 149)
(2802, 2941)
(3030, 3053)
(5725, 5808)
(3660, 3763)
(901, 954)
(732, 935)
(6481, 6572)
(5764, 5876)
(2243, 2414)
(3520, 3702)
(709, 925)
(6508, 6555)
(769, 971)
(3739, 3797)
(2875, 3109)
(5640, 5850)
(6375, 6567)
(114, 250)
(5670, 5817)
(6301, 6564)
(1627, 1699)
(5732, 5735)
(909, 957)
(4262, 4268)
(2260, 2304)
(5767, 5782)
(2808, 2981)
(3012, 3028)
(4920, 5009)
(2883, 3025)
(3558, 3778)
(3651, 3741)
(126, 180)
(1604, 1715)
(3595, 3598)
(6338, 6358)
(3716, 3725)
(41, 243)
(6407, 6480)
(4312, 4398)
(1444, 1594)
(856, 889)
(2277, 2403)
(2323, 2404)
(35, 109)
(1502, 1638)
(6395, 6589)
(1491, 1711)
(4234, 4386)
(4951, 5161)
(127, 149)
(4945, 5131)
(2981, 2988)
(100, 331)
(3540, 3647)
(2913, 2931)
(5086, 5114)
(6433, 6446)
(3061, 3108)
(2146, 2398)
(123, 140)
(6533, 6537)
(3633, 3645)
(2155, 2285)
(758, 923)
(5816, 5841)
(5624, 5757)
(1587, 1701)
(1648, 1677)
(3508, 3682)
(5062, 5165)
(51, 307)
(51, 112)
(4238, 4498)
(3624, 3789)
(2277, 2314)
(1424, 1693)
(2184, 2271)
(6399, 6478)
(2942, 2955)
(4928, 4999)
(1648, 1694)
(6324, 6562)
(5674, 5872)
(2322, 2323)
(3616, 3742)
(6301, 6438)
(2870, 3010)
(3596, 3778)
(2842, 3022)
(3537, 3596)
(4421, 4429)
(2100, 2132)
(1439, 1676)
(5640, 5646)
(50, 327)
(2379, 2391)
(6375, 6576)
(69, 324)
(3519, 3538)
(6388, 6516)
(2192, 2332)
(33, 213)
(5669, 5808)
(6303, 6311)
(2221, 2249)
(1525, 1727)
(2801, 3122)
(5624, 5688)
(116, 257)
(3078, 3089)
(2221, 2234)
(1486, 1534)
(2923, 2957)
(3614, 3764)
(2241, 2404)
(3614, 3651)
(6355, 6483)
(807, 883)
(2847, 2857)
(6483, 6484)
(4403, 4458)
(2128, 2145)
(5810, 5816)
(1424, 1726)
(4257, 4498)
(216, 308)
(5618, 5676)
(5092, 5095)
(3633, 3778)
(3508, 3691)
(5082, 5095)
(4906, 4927)
(5759, 5829)
(3679, 3788)
(2340, 2400)
(1413, 1533)
(2856, 3007)
(2859, 2880)
(3534, 3770)
(116, 243)
(5659, 5796)
(64, 309)
(4319, 4353)
(3604, 3716)
(5618, 5861)
(953, 1012)
(882, 936)
(886, 1001)
(4200, 4367)
(3036, 3086)
(3575, 3702)
(3692, 3794)
(5606, 5753)
(727, 778)
(847, 1018)
(6553, 6562)
(1622, 1728)
(4227, 4450)
(4252, 4271)
(2829, 3061)
(2219, 2271)
(1491, 1511)
(868, 940)
(3538, 3552)
(178, 213)
(197, 212)
(4966, 5192)
(1619, 1648)
(5767, 5889)
(798, 1027)
(6461, 6564)
(5086, 5159)
(1469, 1550)
(1403, 1624)
(6478, 6548)
(5673, 5844)
(2856, 2862)
(2870, 3036)
(3577, 3730)
(5616, 5687)
(2200, 2356)
(2294, 2395)
(127, 297)
(2101, 2176)
(2875, 3006)
(5622, 5796)
(1494, 1669)
(33, 292)
(5627, 5894)
(790, 889)
(2203, 2356)
(4322, 4400)
(4974, 5062)
(239, 300)
(868, 913)
(2842, 2977)
(292, 324)
(778, 847)
(2829, 2955)
(5616, 5753)
(38, 219)
(704, 810)
(5001, 5154)
(4294, 4479)
(2842, 3099)
(856, 1020)
(4215, 4487)
(4386, 4459)
(5741, 5860)
(1491, 1554)
(4251, 4326)
(778, 895)
(6425, 6471)
(3614, 3645)
(237, 297)
(6496, 6519)
(4, 180)
(234, 284)
(5747, 5767)
(3720, 3780)
(969, 991)
(2177, 2217)
(5855, 5886)
(5176, 5192)
(23, 203)
(5625, 5786)
(3539, 3664)
(6490, 6539)
(3582, 3676)
(861, 938)
(2923, 3080)
(6338, 6423)
(2316, 2425)
(108, 183)
(1414, 1487)
(2851, 3125)
(140, 216)
(3635, 3648)
(2229, 2291)
(2292, 2396)
(216, 292)
(2807, 3010)
(796, 971)
(5613, 5624)
(5005, 5176)
(4925, 5062)
(1546, 1730)
(2273, 2323)
(6417, 6534)
(5825, 5883)
(718, 818)
(5717, 5875)
(727, 757)
(5670, 5886)
(6514, 6536)
(223, 258)
(5841, 5894)
(884, 971)
(3633, 3735)
(6365, 6411)
(5796, 5872)
(6461, 6557)
(1696, 1703)
(3716, 3739)
(760, 778)
(857, 1004)
(3679, 3789)
(5684, 5687)
(3595, 3658)
(2230, 2341)
(6550, 6576)
(2264, 2310)
(104, 257)
(6324, 6455)
(4286, 4482)
(4903, 5095)
(1469, 1514)
(4924, 5162)
(179, 226)
(2271, 2427)
(5620, 5889)
(1418, 1709)
(4950, 5173)
(900, 946)
(3750, 3763)
(4956, 5140)
(4207, 4294)
(154, 305)
(2852, 3089)
(704, 1003)
(112, 227)
(1511, 1723)
(154, 170)
(1632, 1664)
(1449, 1498)
(1562, 1675)
(743, 762)
(4958, 5163)
(1573, 1675)
(6333, 6477)
(282, 293)
(6502, 6588)
(880, 963)
(5154, 5165)
(5637, 5767)
(4385, 4487)
(1533, 1616)
(2239, 2365)
(207, 216)
(64, 151)
(926, 946)
(6550, 6597)
(2196, 2199)
(4911, 4943)
(3568, 3579)
(4362, 4421)
(791, 887)
(5618, 5741)
(2258, 2287)
(1606, 1697)
(286, 300)
(5653, 5776)
(154, 248)
(5877, 5890)
(160, 286)
(2250, 2381)
(4243, 4362)
(1506, 1527)
(4937, 5157)
(4942, 5109)
(127, 196)
(2927, 3100)
(2997, 3095)
(2239, 2422)
(4285, 4401)
(5741, 5873)
(233, 303)
(21, 228)
(1657, 1691)
(4942, 4995)
(6314, 6388)
(1556, 1731)
(219, 329)
(3590, 3778)
(5606, 5890)
(2862, 3000)
(704, 882)
(914, 1031)
(6364, 6599)
(2264, 2420)
(2244, 2413)
(59, 227)
(777, 882)
(872, 921)
(6319, 6589)
(5001, 5179)
(5741, 5896)
(2180, 2338)
(4316, 4470)
(1593, 1614)
(2308, 2388)
(2910, 2918)
(889, 938)
(2845, 2938)
(758, 867)
(1547, 1672)
(2826, 3090)
(5009, 5175)
(1443, 1473)
(4305, 4453)
(1604, 1653)
(2856, 3034)
(4995, 5077)
(2253, 2388)
(2256, 2429)
(3528, 3796)
(5613, 5742)
(6393, 6481)
(3575, 3635)
(267, 330)
(3059, 3123)
(2984, 3087)
(5808, 5850)
(702, 944)
(0, 164)
(2878, 3004)
(5016, 5020)
(846, 1030)
(3558, 3590)
(2808, 3015)
(4915, 5140)
(6390, 6429)
(2274, 2292)
(865, 963)
(930, 1003)
(3616, 3758)
(3053, 3115)
(876, 895)
(4470, 4483)
(5750, 5760)
(47, 304)
(1522, 1719)
(857, 892)
(833, 1016)
(1549, 1710)
(169, 332)
(4337, 4386)
(13, 204)
(5741, 5838)
(5622, 5753)
(6408, 6508)
(1593, 1708)
(2177, 2191)
(2879, 3078)
(227, 291)
(796, 886)
(4981, 4999)
(2258, 2346)
(6377, 6584)
(2942, 3055)
(1627, 1632)
(1532, 1717)
(4451, 4461)
(41, 204)
(4321, 4409)
(1506, 1556)
(3664, 3691)
(1472, 1715)
(3651, 3702)
(846, 976)
(5604, 5727)
(4221, 4361)
(6405, 6413)
(3700, 3790)
(2845, 2967)
(741, 913)
(3020, 3022)
(4343, 4425)
(5716, 5726)
(2186, 2247)
(2903, 3090)
(2914, 3004)
(5726, 5880)
(6486, 6597)
(4909, 5195)
(3082, 3097)
(6388, 6517)
(4995, 5182)
(6477, 6533)
(149, 175)
(6397, 6534)
(3540, 3633)
(5155, 5161)
(2308, 2336)
(3603, 3691)
(2175, 2363)
(940, 953)
(5603, 5844)
(855, 979)
(3020, 3064)
(1632, 1641)
(2303, 2381)
(158, 287)
(5653, 5674)
(49, 116)
(5637, 5796)
(116, 305)
(5629, 5717)
(4268, 4498)
(1699, 1702)
(3567, 3610)
(4286, 4389)
(872, 974)
(5724, 5818)
(3635, 3745)
(4911, 4993)
(971, 1023)
(4906, 5146)
(5613, 5806)
(76, 178)
(1624, 1625)
(881, 1016)
(4389, 4427)
(6474, 6535)
(3580, 3658)
(4937, 5118)
(3012, 3066)
(4283, 4316)
(154, 284)
(4461, 4490)
(798, 919)
(1467, 1549)
(3509, 3590)
(5016, 5114)
(5673, 5880)
(1445, 1534)
(2200, 2375)
(0, 243)
(4911, 5136)
(5646, 5808)
(1472, 1641)
(2154, 2175)
(4272, 4366)
(2308, 2354)
(743, 1025)
(4281, 4459)
(5714, 5810)
(1599, 1697)
(6376, 6502)
(2888, 2936)
(6447, 6461)
(3537, 3670)
(1582, 1638)
(3080, 3090)
(803, 919)
(6407, 6557)
(50, 239)
(6, 62)
(1417, 1493)
(160, 169)
(156, 326)
(4238, 4418)
(1443, 1664)
(1546, 1573)
(2921, 3030)
(2332, 2424)
(154, 254)
(1521, 1729)
(3071, 3126)
(5, 91)
(872, 930)
(760, 886)
(702, 990)
(1401, 1417)
(3620, 3735)
(2880, 3061)
(1502, 1691)
(3709, 3763)
(3505, 3537)
(2984, 3092)
(5007, 5161)
(2829, 2951)
(4307, 4453)
(5625, 5804)
(6403, 6576)
(5804, 5894)
(921, 1014)
(2879, 2984)
(179, 227)
(4925, 5083)
(5665, 5727)
(4385, 4492)
(3692, 3735)
(4932, 5188)
(6480, 6495)
(108, 331)
(863, 1005)
(4945, 5195)
(2288, 2381)
(1473, 1594)
(2877, 2953)
(2260, 2273)
(2801, 2957)
(4232, 4269)
(237, 320)
(4906, 4981)
(239, 286)
(2939, 2953)
(41, 203)
(4999, 5180)
(4925, 5163)
(1426, 1722)
(4400, 4429)
(5702, 5716)
(5088, 5099)
(2829, 3004)
(887, 889)
(2957, 3054)
(882, 1011)
(1586, 1593)
(2141, 2221)
(930, 935)
(4961, 5007)
(2346, 2356)
(5665, 5745)
(1502, 1670)
(865, 965)
(4241, 4291)
(4927, 5094)
(937, 974)
(2944, 3078)
(5613, 5672)
(4305, 4421)
(4360, 4409)
(2352, 2362)
(126, 291)
(3742, 3778)
(717, 871)
(2849, 3014)
(822, 1019)
(3633, 3765)
(5616, 5777)
(4283, 4421)
(6311, 6550)
(2351, 2415)
(1554, 1716)
(6301, 6384)
(3700, 3760)
(2100, 2323)
(1473, 1638)
(5112, 5157)
(3633, 3646)
(2997, 3089)
(2878, 2901)
(3014, 3022)
(954, 1031)
(1653, 1730)
(3547, 3590)
(2847, 3106)
(3741, 3778)
(3531, 3633)
(3062, 3079)
(2165, 2316)
(5000, 5082)
(2913, 3061)
(2942, 3028)
(3614, 3691)
(5757, 5776)
(896, 969)
(5756, 5894)
(2903, 3084)
(5075, 5176)
(94, 318)
(2957, 3004)
(54, 277)
(2192, 2234)
(2122, 2191)
(2904, 3010)
(4337, 4354)
(1455, 1593)
(5602, 5826)
(4361, 4375)
(4207, 4466)
(23, 237)
(5640, 5849)
(963, 979)
(4297, 4437)
(4222, 4294)
(6479, 6595)
(1467, 1582)
(4280, 4375)
(743, 999)
(2808, 2880)
(2177, 2230)
(6404, 6599)
(736, 876)
(3505, 3797)
(1661, 1696)
(5030, 5151)
(5676, 5810)
(2964, 3025)
(6523, 6555)
(2977, 2997)
(5001, 5120)
(4200, 4238)
(2904, 3120)
(2367, 2418)
(3043, 3121)
(6408, 6486)
(5801, 5804)
(814, 882)
(4947, 4983)
(4902, 5118)
(6428, 6558)
(3555, 3624)
(761, 926)
(2920, 2977)
(6486, 6555)
(5086, 5142)
(2863, 2955)
(203, 228)
(5614, 5876)
(736, 1028)
(3745, 3785)
(104, 219)
(6496, 6534)
(6314, 6446)
(4286, 4316)
(1625, 1672)
(892, 987)
(1444, 1695)
(2938, 3054)
(5733, 5884)
(2833, 3113)
(64, 286)
(5159, 5165)
(5088, 5130)
(3026, 3044)
(938, 1011)
(4999, 5192)
(2307, 2420)
(4326, 4421)
(1486, 1596)
(880, 969)
(179, 223)
(6528, 6534)
(5047, 5166)
(1627, 1702)
(3083, 3111)
(2807, 3030)
(887, 966)
(4213, 4321)
(5618, 5636)
(1644, 1693)
(6547, 6548)
(125, 151)
(702, 829)
(148, 279)
(5760, 5822)
(2304, 2405)
(59, 315)
(3510, 3645)
(2253, 2363)
(6407, 6594)
(6472, 6484)
(3577, 3760)
(880, 887)
(1426, 1578)
(178, 227)
(1467, 1619)
(3596, 3724)
(2248, 2388)
(5616, 5676)
(3061, 3068)
(791, 1009)
(2268, 2338)
(1522, 1685)
(4906, 5187)
(2291, 2294)
(2878, 3123)
(1535, 1707)
(2275, 2395)
(4911, 5139)
(4235, 4400)
(4254, 4437)
(4945, 5088)
(3, 100)
(4261, 4278)
(5646, 5651)
(3687, 3699)
(1467, 1494)
(724, 863)
(5659, 5777)
(2304, 2323)
(5642, 5673)
(717, 748)
(2180, 2221)
(1507, 1707)
(4917, 5164)
(2222, 2402)
(1467, 1648)
(2878, 2981)
(773, 1032)
(5742, 5869)
(4928, 5002)
(2885, 2942)
(5089, 5165)
(3607, 3635)
(5016, 5094)
(69, 183)
(151, 243)
(746, 884)
(112, 245)
(5616, 5765)
(5777, 5855)
(2256, 2351)
(1535, 1547)
(1574, 1669)
(5632, 5880)
(1547, 1570)
(6389, 6599)
(2800, 2847)
(2395, 2410)
(3004, 3126)
(2186, 2271)
(4382, 4453)
(2877, 3105)
(2837, 3110)
(2870, 2938)
(6403, 6495)
(4956, 5182)
(904, 951)
(21, 164)
(2972, 3101)
(54, 303)
(2274, 2315)
(1590, 1728)
(4281, 4451)
(2967, 3004)
(245, 250)
(4451, 4470)
(3095, 3112)
(5602, 5844)
(120, 143)
(3556, 3765)
(4278, 4375)
(4906, 5159)
(823, 932)
(1632, 1684)
(5676, 5869)
(5726, 5889)
(13, 267)
(4207, 4483)
(170, 246)
(777, 880)
(202, 216)
(30, 100)
(926, 940)
(1670, 1727)
(5666, 5820)
(6539, 6550)
(1504, 1548)
(5051, 5176)
(4286, 4379)
(761, 863)
(2936, 3103)
(2122, 2409)
(4269, 4312)
(5185, 5195)
(6478, 6557)
(5759, 5899)
(178, 202)
(3620, 3750)
(5745, 5869)
(135, 179)
(2252, 2304)
(4361, 4389)
(4338, 4485)
(824, 919)
(2936, 3059)
(202, 204)
(56, 333)
(4305, 4338)
(2870, 3025)
(1532, 1591)
(212, 321)
(35, 207)
(5712, 5861)
(743, 758)
(4910, 4927)
(5801, 5877)
(2260, 2346)
(1408, 1556)
(3026, 3059)
(940, 1018)
(2802, 3084)
(746, 969)
(735, 914)
(703, 986)
(5003, 5021)
(6523, 6528)
(4387, 4453)
(4208, 4360)
(1562, 1677)
(6389, 6459)
(950, 954)
(195, 257)
(4246, 4456)
(156, 202)
(2249, 2252)
(2889, 3084)
(2988, 3100)
(3700, 3747)
(2837, 2839)
(762, 934)
(6, 23)
(760, 838)
(1579, 1622)
(2294, 2340)
(865, 978)
(5051, 5152)
(6304, 6459)
(153, 182)
(796, 1028)
(3516, 3719)
(5056, 5139)
(834, 1027)
(4456, 4465)
(3620, 3729)
(4262, 4302)
(3050, 3064)
(2322, 2424)
(2865, 3075)
(101, 120)
(1536, 1721)
(5669, 5873)
(1430, 1591)
(2842, 3044)
(1694, 1725)
(721, 803)
(5778, 5813)
(6425, 6571)
(3516, 3720)
(3633, 3689)
(3574, 3690)
(3656, 3741)
(2207, 2407)
(5619, 5776)
(4929, 5051)
(2287, 2428)
(2247, 2254)
(887, 1002)
(2967, 3115)
(2192, 2418)
(5009, 5078)
(886, 969)
(2997, 3064)
(746, 909)
(4400, 4485)
(3739, 3789)
(4995, 5047)
(2184, 2288)
(758, 1017)
(1650, 1693)
(49, 203)
(2340, 2371)
(5724, 5873)
(746, 1000)
(3079, 3086)
(23, 108)
(882, 987)
(5130, 5148)
(5763, 5804)
(732, 1015)
(2330, 2432)
(65, 139)
(4378, 4440)
(2382, 2427)
(961, 1029)
(4340, 4387)
(1455, 1696)
(4227, 4415)
(4338, 4367)
(41, 177)
(5007, 5155)
(2183, 2304)
(4968, 5154)
(64, 199)
(177, 182)
(3581, 3796)
(4291, 4385)
(6461, 6584)
(789, 966)
(2247, 2393)
(2829, 3059)
(2955, 3084)
(3567, 3778)
(760, 934)
(5622, 5875)
(6405, 6535)
(3610, 3780)
(1443, 1625)
(4305, 4400)
(818, 923)
(3652, 3742)
(5112, 5139)
(3054, 3096)
(2145, 2191)
(738, 867)
(5642, 5665)
(2222, 2315)
(704, 733)
(2921, 3026)
(6483, 6576)
(5007, 5192)
(3539, 3585)
(3598, 3745)
(988, 1004)
(5010, 5086)
(6376, 6587)
(2110, 2411)
(2990, 3086)
(33, 233)
(2146, 2217)
(2807, 3106)
(2275, 2421)
(5674, 5676)
(5086, 5152)
(3732, 3745)
(2161, 2314)
(1536, 1657)
(2149, 2381)
(120, 226)
(4986, 5118)
(3538, 3581)
(47, 228)
(773, 896)
(1405, 1591)
(3552, 3569)
(833, 946)
(1594, 1717)
(5667, 5684)
(2249, 2338)
(779, 876)
(4909, 5099)
(847, 886)
(3585, 3730)
(4361, 4425)
(3574, 3579)
(2129, 2210)
(735, 978)
(2277, 2332)
(3687, 3691)
(4945, 5099)
(4937, 5052)
(5726, 5817)
(6550, 6554)
(197, 284)
(865, 937)
(6427, 6474)
(4928, 5115)
(1446, 1669)
(877, 1026)
(1467, 1573)
(6393, 6438)
(1672, 1712)
(6410, 6523)
(45, 123)
(2352, 2432)
(1401, 1430)
(4332, 4417)
(2905, 3124)
(932, 966)
(3567, 3595)
(2146, 2287)
(4378, 4409)
(2862, 3049)
(818, 919)
(6481, 6577)
(104, 183)
(3556, 3690)
(40, 195)
(3698, 3741)
(1401, 1599)
(6405, 6542)
(1548, 1641)
(1451, 1632)
(701, 782)
(3568, 3719)
(6534, 6588)
(4215, 4359)
(156, 212)
(3664, 3765)
(2269, 2388)
(140, 326)
(2877, 3087)
(886, 900)
(1405, 1486)
(2990, 3026)
(3709, 3742)
(3044, 3101)
(818, 969)
(4272, 4359)
(6478, 6536)
(3519, 3582)
(5642, 5825)
(4215, 4241)
(5716, 5855)
(5813, 5866)
(258, 328)
(4283, 4319)
(6332, 6557)
(5646, 5684)
(2101, 2315)
(5673, 5742)
(4456, 4478)
(1454, 1713)
(4385, 4386)
(6338, 6581)
(748, 881)
(4945, 5164)
(74, 314)
(814, 1013)
(5860, 5866)
(1419, 1720)
(5735, 5899)
(5148, 5161)
(1504, 1521)
(727, 933)
(738, 913)
(6314, 6461)
(3006, 3049)
(2847, 3080)
(6408, 6523)
(3547, 3569)
(6471, 6539)
(2845, 3079)
(1504, 1591)
(41, 153)
(889, 896)
(4215, 4385)
(2171, 2260)
(5688, 5826)
(3030, 3112)
(2235, 2291)
(4943, 5062)
(284, 311)
(6427, 6573)
(5007, 5095)
(4910, 5137)
(4487, 4499)
(38, 294)
(5750, 5826)
(4338, 4465)
(2199, 2431)
(5614, 5877)
(2288, 2292)
(2258, 2399)
(4362, 4398)
(766, 884)
(2175, 2180)
(5687, 5849)
(5007, 5195)
(2997, 3082)
(6364, 6376)
(2371, 2401)
(3553, 3645)
(5602, 5627)
(2903, 2939)
(1487, 1494)
(2833, 2936)
(3603, 3624)
(5602, 5640)
(2304, 2314)
(5733, 5849)
(721, 930)
(4252, 4312)
(4387, 4487)
(2109, 2381)
(6550, 6599)
(963, 990)
(2896, 3022)
(4326, 4387)
(932, 1020)
(1638, 1676)
(2132, 2196)
(865, 883)
(1439, 1693)
(1609, 1696)
(2942, 2948)
(240, 309)
(925, 940)
(2880, 3111)
(5880, 5890)
(3699, 3796)
(5007, 5016)
(1582, 1662)
(2808, 3107)
(2244, 2258)
(2176, 2207)
(5, 243)
(4283, 4379)
(4240, 4421)
(2825, 3062)
(6, 114)
(2933, 2997)
(1451, 1535)
(5716, 5751)
(120, 151)
(1579, 1706)
(766, 823)
(197, 316)
(720, 887)
(2837, 2842)
(735, 822)
(715, 951)
(5173, 5185)
(260, 328)
(3505, 3547)
(2927, 3036)
(3560, 3727)
(2826, 3010)
(6405, 6594)
(3709, 3780)
(4305, 4378)
(3719, 3726)
(5725, 5801)
(279, 319)
(5733, 5825)
(974, 1033)
(1441, 1704)
(5180, 5187)
(3534, 3676)
(1490, 1619)
(291, 310)
(4238, 4321)
(3730, 3747)
(3508, 3519)
(5151, 5195)
(715, 933)
(2927, 3071)
(1547, 1724)
(5645, 5822)
(5614, 5733)
(4264, 4321)
(2220, 2367)
(2310, 2430)
(93, 223)
(777, 884)
(4, 314)
(4283, 4458)
(1582, 1646)
(872, 1009)
(1550, 1699)
(4278, 4440)
(4264, 4429)
(6533, 6538)
(3568, 3604)
(3068, 3114)
(2857, 2948)
(823, 954)
(2997, 3025)
(6516, 6599)
(1591, 1713)
(2856, 3000)
(3014, 3094)
(4254, 4429)
(4465, 4487)
(2235, 2417)
(6376, 6571)
(1555, 1699)
(3596, 3732)
(2200, 2305)
(4271, 4326)
(6433, 6548)
(757, 954)
(20, 125)
(3555, 3724)
(4907, 5148)
(6397, 6577)
(2918, 3022)
(2221, 2304)
(202, 320)
(4227, 4458)
(3670, 3691)
(3598, 3614)
(935, 1010)
(777, 1006)
(2269, 2279)
(803, 833)
(3075, 3107)
(5772, 5817)
(6376, 6478)
(6302, 6451)
(1402, 1554)
(766, 793)
(1506, 1613)
(4243, 4305)
(1644, 1720)
(4397, 4417)
(5674, 5809)
(111, 207)
(4999, 5045)
(4366, 4490)
(1408, 1475)
(5078, 5165)
(4232, 4425)
(5182, 5195)
(4955, 5005)
(4246, 4382)
(3596, 3647)
(2221, 2373)
(1455, 1542)
(3670, 3788)
(3699, 3732)
(1579, 1593)
(868, 957)
(3633, 3732)
(5001, 5162)
(1441, 1487)
(4956, 5059)
(139, 183)
(1534, 1706)
(727, 988)
(2989, 3116)
(5725, 5765)
(1511, 1657)
(2837, 3080)
(4312, 4453)
(1525, 1661)
(5640, 5885)
(23, 233)
(6356, 6446)
(149, 299)
(2241, 2356)
(2252, 2414)
(2365, 2381)
(2988, 3044)
(2923, 3094)
(882, 906)
(5629, 5667)
(40, 158)
(3691, 3716)
(867, 876)
(1402, 1464)
(2202, 2230)
(6478, 6543)
(3062, 3092)
(5052, 5162)
(884, 953)
(4343, 4360)
(1586, 1609)
(4943, 5010)
(2885, 2940)
(109, 178)
(2140, 2199)
(5041, 5062)
(5137, 5152)
(5819, 5841)
(863, 978)
(2910, 2967)
(5088, 5162)
(151, 321)
(28, 316)
(2140, 2217)
(1441, 1699)
(2155, 2222)
(5077, 5089)
(1413, 1414)
(5733, 5841)
(2100, 2219)
(5159, 5195)
(3656, 3658)
(3700, 3796)
(1464, 1579)
(2863, 3121)
(2248, 2275)
(64, 148)
(4402, 4406)
(6523, 6595)
(5637, 5646)
(3729, 3770)
(880, 946)
(4219, 4355)
(4366, 4492)
(1491, 1555)
(6405, 6581)
(4911, 4925)
(5665, 5801)
(4294, 4338)
(2277, 2292)
(5766, 5816)
(2391, 2408)
(2889, 3028)
(1446, 1483)
(4925, 4942)
(1694, 1695)
(2229, 2251)
(5804, 5890)
(3505, 3796)
(5642, 5659)
(778, 807)
(3719, 3778)
(40, 56)
(1402, 1403)
(2900, 3068)
(6496, 6555)
(3519, 3635)
(4278, 4362)
(1548, 1604)
(4235, 4415)
(44, 179)
(5813, 5871)
(1467, 1578)
(3531, 3794)
(2817, 2878)
(2307, 2365)
(4312, 4353)
(4240, 4409)
(6358, 6471)
(6342, 6517)
(4956, 4968)
(769, 1023)
(4947, 5086)
(2393, 2397)
(4340, 4409)
(861, 892)
(3513, 3535)
(2292, 2330)
(2129, 2395)
(158, 317)
(126, 322)
(4968, 5045)
(2828, 2944)
(5603, 5899)
(3608, 3620)
(2991, 3049)
(4945, 5132)
(833, 901)
(6478, 6514)
(2936, 2972)
(703, 988)
(5733, 5801)
(4326, 4347)
(2252, 2303)
(6427, 6557)
(2215, 2430)
(5012, 5173)
(23, 143)
(4353, 4425)
(6333, 6358)
(2250, 2356)
(2287, 2380)
(6393, 6548)
(2302, 2339)
(6325, 6490)
(5619, 5777)
(64, 185)
(3087, 3120)
(3539, 3692)
(23, 54)
(2155, 2351)
(3579, 3604)
(2879, 2939)
(2129, 2241)
(880, 930)
(6324, 6407)
(2839, 2913)
(4207, 4297)
(6311, 6547)
(2104, 2161)
(6423, 6483)
(5005, 5159)
(2156, 2411)
(718, 1025)
(1413, 1699)
(124, 153)
(5667, 5669)
(4970, 5089)
(2199, 2247)
(240, 293)
(4956, 5056)
(6475, 6517)
(1578, 1714)
(4, 223)
(30, 319)
(5025, 5095)
(1675, 1709)
(2207, 2354)
(2829, 2990)
(4285, 4398)
(35, 199)
(5154, 5192)
(33, 323)
(5674, 5816)
(6564, 6588)
(5111, 5188)
(2145, 2231)
(3537, 3578)
(2339, 2364)
(1527, 1725)
(2981, 3064)
(2890, 2996)
(779, 798)
(6397, 6502)
(41, 223)
(4252, 4278)
(2323, 2375)
(2981, 3098)
(3020, 3103)
(2145, 2399)
(5763, 5786)
(1403, 1714)
(5732, 5796)
(2289, 2373)
(704, 953)
(701, 987)
(746, 855)
(4278, 4383)
(5009, 5157)
(5699, 5822)
(1419, 1483)
(4332, 4383)
(1486, 1587)
(4235, 4385)
(1637, 1695)
(4297, 4487)
(2857, 2953)
(2865, 2878)
(779, 1026)
(702, 810)
(3539, 3760)
(2940, 2959)
(179, 234)
(143, 310)
(0, 116)
(5614, 5841)
(4415, 4466)
(4232, 4347)
(4251, 4478)
(6423, 6433)
(1563, 1705)
(2100, 2379)
(2927, 3049)
(2207, 2215)
(883, 1002)
(4271, 4398)
(1523, 1641)
(6397, 6508)
(766, 779)
(4978, 5195)
(6319, 6490)
(76, 84)
(1542, 1729)
(1604, 1638)
(20, 47)
(3617, 3647)
(45, 127)
(930, 976)
(3598, 3647)
(2881, 3125)
(2927, 3061)
(6456, 6517)
(204, 306)
(877, 895)
(3537, 3547)
(2260, 2426)
(2269, 2273)
(6, 213)
(1676, 1721)
(178, 199)
(2217, 2406)
(1408, 1696)
(2984, 3055)
(3616, 3767)
(741, 779)
(6513, 6571)
(966, 1013)
(2849, 2990)
(6399, 6428)
(2109, 2203)
(1427, 1627)
(1632, 1701)
(2211, 2381)
(5774, 5778)
(5078, 5175)
(2221, 2405)
(3644, 3720)
(2870, 2996)
(2953, 3102)
(3607, 3785)
(6446, 6584)
(2149, 2229)
(2972, 2988)
(5855, 5890)
(3510, 3581)
(6303, 6338)
(5679, 5753)
(139, 228)
(884, 930)
(2923, 3117)
(4981, 5139)
(1556, 1579)
(2196, 2391)
(2222, 2248)
(5644, 5757)
(44, 322)
(1464, 1507)
(1546, 1684)
(871, 1012)
(4903, 4999)
(65, 114)
(109, 135)
(2991, 3109)
(5644, 5772)
(112, 195)
(3579, 3758)
(4355, 4471)
(5717, 5817)
(1473, 1628)
(197, 291)
(5025, 5118)
(2122, 2141)
(2913, 3049)
(3540, 3799)
(6407, 6519)
(2210, 2258)
(1506, 1586)
(4959, 5000)
(6558, 6572)
(2316, 2351)
(4302, 4312)
(2294, 2397)
(1619, 1698)
(1609, 1686)
(6453, 6535)
(248, 330)
(5620, 5667)
(5636, 5871)
(5030, 5152)
(2997, 3097)
(5636, 5702)
(857, 886)
(709, 1010)
(5617, 5894)
(6393, 6425)
(824, 954)
(5, 315)
(2202, 2419)
(210, 258)
(18, 105)
(884, 1001)
(2230, 2362)
(5009, 5092)
(1441, 1579)
(2129, 2422)
(3608, 3763)
(3553, 3620)
(1441, 1694)
(919, 1017)
(1593, 1686)
(863, 881)
(4992, 5057)
(2215, 2285)
(5015, 5152)
(6365, 6453)
(4382, 4482)
(5007, 5112)
(2955, 3118)
(1419, 1445)
(733, 895)
(3537, 3716)
(3605, 3788)
(3734, 3739)
(4258, 4453)
(5034, 5152)
(6338, 6516)
(6377, 6451)
(3582, 3603)
(5139, 5152)
(3741, 3756)
(4938, 5118)
(1403, 1486)
