10059
95410
53119
51380
35298
93313
29720
21455
35973
19521
64540
40868
88315
51358
85415
98351
80685
40116
94993
8214
64489
93786
68482
64285
83697
54246
65841
16924
39311
67693
10131
4377
3984
65801
96658
75996
93964
96966
50727
8121
11521
85807
30625
46779
56779
85908
71759
3886
53445
49977
67325
95862
61669
21800
6226
539
13092
9525
96358
96790
34911
81076
35282
19507
22031
49253
43993
72578
97949
66408
54881
17288
22887
57530
57907
88831
9624
58905
89185
90996
22726
39464
18748
40841
8546
28349
24879
52594
20513
25131
35541
27287
41186
36828
85276
24927
36484
25409
48469
20462
69010
47622
42817
54974
74880
87858
91762
27202
12143
58395
65179
99416
28735
17225
53535
5562
43727
14379
87191
67548
9099
15213
38687
50565
35882
48078
46383
88036
46480
83778
17552
16355
43461
14106
78587
77261
43777
74862
91691
35258
58738
57359
51261
93790
55266
47471
17237
71606
35971
72759
60401
23218
39707
44147
35614
74988
35217
15368
64311
34906
98356
14591
26418
7712
84083
94931
27729
26941
94119
92069
98086
41118
61339
55859
54873
57679
53733
62275
56321
62063
70885
18934
94880
92892
26349
82857
74391
5451
88746
49410
61795
94630
28492
40303
92958
23451
93893
2799
29581
49209
92067
95186
52003
57391
99317
59921
78628
11622
455
81305
98632
62202
61465
75126
2579
606
45998
77529
53456
74576
62516
63338
57082
48409
41606
79135
52725
28586
39499
35459
29165
22551
39406
37751
43002
83052
47348
71040
20821
94841
37477
23215
88412
16219
77092
68494
61904
19806
25216
18167
29820
37204
68239
43367
80860
53214
56076
5027
7015
57754
27694
51423
43723
98451
10284
25849
30658
69378
31986
87093
57698
11111
18467
17514
44226
62249
62550
72296
84951
23820
49362
60903
13121
57502
97738
91021
69472
14230
51268
96273
34691
86001
47338
12654
9520
90941
48031
84450
28685
52236
50455
95187
81636
44262
72315
6699
2217
30325
10035
95074
9625
65273
68529
2632
81764
97434
48339
16431
50261
32362
60131
46110
82866
59396
114
80600
78106
36161
38916
90019
48014
27982
46183
61372
95611
86526
48397
46977
44719
18528
33743
25002
13698
83284
46200
5377
74101
78565
99830
32045
71871
15936
8566
88918
59345
51396
53081
7004
83855
61489
4003
72857
39135
49967
35580
24898
90553
41997
49604
71686
24203
55768
40469
66228
43199
77525
25862
84766
80288
84568
57931
10664
3343
64095
52682
29702
81299
71172
70784
51998
21471
46048
56253
97079
17061
46025
76815
22901
65273
91029
80236
57161
36595
24884
74551
63491
60923
11197
37286
62824
11812
57113
67822
50614
38185
54391
70763
77844
61400
26267
40375
36065
69888
15277
26574
18697
37973
35963
18182
50406
3187
80040
79682
64673
38775
78909
58425
6906
48276
42912
17799
72774
67030
71557
95575
97419
83266
77812
3467
24243
8643
33125
31168
68860
85602
64280
29912
60947
88028
99956
73875
86454
93676
68835
74004
15136
67170
5841
68130
1731
19403
24447
16119
34779
31036
59432
14133
17998
92180
71409
68542
13101
57694
25498
37695
29233
95412
93002
2098
54227
95734
78811
27964
19013
54979
17594
32361
89822
2597
57708
60929
36584
56564
27812
79915
15024
33302
98204
57792
97540
7043
75857
70761
53088
21157
14492
53063
38923
1396
72091
33963
7152
18093
84284
43690
17882
44534
16662
65054
55102
74155
14742
78648
37919
66962
4632
76644
14515
20411
966
91194
21930
49957
58677
75680
82344
31403
47095
29540
26894
84283
96704
17247
73625
46791
10681
12334
15112
36936
59252
15404
85453
19175
41532
19982
65516
64402
48648
75139
78127
37414
50940
31275
2290
77767
15890
37547
39086
83021
55709
21042
56352
54847
73132
71288
24441
60532
78495
1114
55624
31638
27561
65513
67644
32027
46081
12013
57714
56455
80378
8655
20890
26413
721
5264
23710
63295
99319
29781
84296
43802
65975
79690
15366
55318
34315
93827
96553
50638
54807
22531
46602
32579
13901
58591
73094
83897
59873
22076
70361
83128
94449
58330
42656
26334
30765
86352
33628
16817
13253
73444
89866
86048
95970
67052
66879
17453
9766
91573
84568
69230
98133
34134
15688
67997
78952
71404
72779
64355
56431
1050
81657
9628
23595
97593
2400
76410
92720
33424
25548
79421
29960
26284
86543
4441
20467
28716
55452
76052
81096
33862
91542
77401
40791
27071
25817
59906
61561
63470
90017
68204
56952
79478
76334
78035
3907
67817
12950
24626
85028
31990
29312
34831
51856
78420
93867
64787
51295
81275
26674
77291
70345
59047
66739
48356
43105
2724
31496
131
71059
85630
41934
6517
46642
40012
93160
6544
5405
20114
20310
17433
30814
55824
96241
70029
64631
71418
44724
79989
93571
94753
99773
51071
85163
72705
74894
35612
2187
20440
5921
85304
65634
75880
96040
3934
98365
95203
24404
57876
93334
94633
65991
51885
21686
39780
16487
85537
61498
86518
27623
62744
56457
72433
672
10432
90700
47761
6356
22048
4178
78698
65394
48376
68283
81690
73453
70081
69091
54196
64882
31034
57377
89152
63823
9660
93091
58807
62482
74286
204
32957
34906
66488
37535
24051
52997
70897
5736
16899
6316
99501
66993
55086
89583
5703
55352
92060
89840
57113
29289
69748
401
90765
78628
83938
66728
59440
75482
21732
98134
65596
80077
43628
72349
33509
39347
58799
28561
73067
23015
61495
80414
6516
40659
87234
74017
32253
45823
11430
66176
71984
76391
81784
61359
5120
53097
30290
11430
58756
40424
62170
5261
24141
46159
43419
88883
48913
28374
14288
20083
5288
67668
90870
49257
21924
35256
71571
79381
4362
52061
18647
4184
44969
13292
58996
81590
29261
12723
18163
7202
83810
16001
38157
56766
13563
6947
8444
93305
30630
6463
43402
99483
43987
95897
5797
54452
99359
48105
38765
35852
43036
80491
1336
12455
69765
2417
71769
87433
32456
92565
19846
10596
87823
84109
11539
90203
18389
57198
25485
22614
45687
98616
23170
7509
79610
39285
37908
10160
81727
10300
92910
20732
58430
92418
91002
57851
46620
86642
57523
29682
29848
34691
35466
76649
16169
99431
40510
72520
48199
96367
92608
78607
86190
88309
28603
29325
10684
64685
80411
21993
33571
23083
580
76375
24912
4281
60534
18311
29420
43469
36339
25262
6067
31666
96489
78512
15270
32365
6150
75306
28032
27300
78338
92019
12937
44927
56942
47316
48695
85375
9235
89426
68259
66253
12212
81375
69578
65196
23462
50333
1351
60838
21385
87907
36926
1661
70296
5127
43414
16788
43280
8805
8798
83811
61347
56689
97278
96746
68360
54361
91438
19313
82276
11749
44243
58458
15088
8272
93159
7161
51053
5416
61809
14407
19891
48483
75410
20082
18625
11204
8594
14689
10231
44312
42779
8566
10584
88485
56147
12898
29608
54401
10996
98709
58635
98056
82595
22528
58528
59112
19116
38432
88112
28914
59129
64278
99860
28734
11825
8762
64544
64573
6245
88867
41807
18503
15023
83697
21872
47348
94035
5266
32336
5591
58845
29437
73407
57875
9651
3111
36871
20641
20214
89617
55221
9828
32041
96855
3003
20751
73746
88389
8164
12951
39795
28640
75083
23750
1537
22107
6492
66883
50570
16887
46409
76440
23308
99197
78991
74455
51863
76624
7677
86299
28735
56719
27140
22032
30502
65196
36560
27128
4566
25056
90423
43377
49300
52205
81242
47907
6217
72833
25409
21060
67107
83876
5116
54885
12159
47221
10865
10026
65794
26573
87219
47016
98694
38341
18809
1076
57316
63639
21521
69818
68781
4559
69565
60373
29929
93174
18169
42931
29856
91665
90587
66632
6264
82501
78967
829
69545
33417
35739
45546
33575
70933
30993
87821
11137
16630
55664
43923
87677
24771
70718
97571
31412
28236
51813
37020
12365
17082
55064
24243
67548
46247
78024
93674
44097
35349
58887
8747
3535
18065
70581
41084
85457
38757
74350
95831
81959
14471
81867
31382
51150
71362
46555
13170
11475
46682
49043
25985
8760
43215
97165
90833
40497
53026
37020
99430
74069
98722
29942
31513
50114
97588
47132
31705
74039
49519
6071
26578
36691
97673
30228
61692
65481
43189
67081
37447
99182
98711
29937
56253
59846
60400
87687
99006
28546
59301
16856
30210
47434
32197
24298
4321
85367
73416
21952
1876
95004
45519
12145
74987
4618
24843
25244
76102
40143
53238
59143
73208
95934
2539
65920
23605
48848
68663
92266
56919
72158
14805
18015
38746
61584
40555
12221
98230
93079
38111
44204
53467
13142
39257
14873
78780
13550
32970
84289
98743
61479
21868
50145
93927
51185
9767
23078
59484
53752
54646
13088
18886
61614
41821
4327
53210
95216
15945
66664
19303
19369
10206
21029
80410
35797
7476
58714
26369
88237
22018
97899
14249
97576
10106
84645
15417
3997
13081
51190
5341
72571
80306
33090
88565
13383
55624
57816
82257
32690
86478
62735
11253
87425
61046
14487
95021
87368
10213
9381
45808
6937
5046
14011
68712
42519
73123
2140
98922
14688
7108
54923
99055
27100
13949
45721
54065
96070
91545
97086
43338
96892
4467
24941
87719
84988
34556
67812
35824
95565
86779
14914
16157
22828
41899
24869
7931
38015
94122
82121
46326
83368
70713
50322
59107
67074
47547
81194
86758
93777
6826
30698
75275
19565
94147
173
68367
17114
7942
2111
28408
60999
1362
38157
32233
33695
88829
91005
97373
70795
5595
85116
13327
20207
62079
75429
35291
87692
97801
42197
59108
45989
61325
69214
78575
49267
36334
39772
9600
41955
79171
67348
33336
57394
45853
13790
47198
32513
44322
18556
45443
14013
96745
14792
86738
44750
87064
53108
63212
27537
94614
36549
24582
81563
61121
83626
89335
7190
36197
40723
71825
75038
22217
42202
63885
89003
59914
69075
57327
27353
91154
51611
53302
19743
11742
33888
46585
77165
93901
76402
2031
91059
53180
45501
46938
48727
64458
87227
38716
92275
16293
30876
27684
14421
95906
45597
62467
51338
40797
96365
86517
45340
17566
63270
89018
65851
50538
19399
65843
18002
24917
43073
63009
27583
20822
30433
5038
62299
70831
57815
91562
6512
90620
53485
13121
86446
78366
9907
54839
35349
37061
24213
72172
91796
29232
25279
7759
72982
19980
56463
59924
34712
55697
26225
75769
18281
53015
22291
38352
36437
92423
5863
38945
7528
57331
41214
79523
13080
43950
65213
44665
81480
36959
53861
59611
72864
39337
49407
13275
12424
52064
20347
79769
75520
44119
55994
82611
16270
22458
81315
71511
70522
62903
1303
63168
71942
24156
35133
29970
62441
19863
12775
50573
957
95588
73317
78646
73057
53248
80604
66205
13991
83952
32667
8737
34802
44236
28668
52035
52906
44425
918
11799
88757
99480
68757
47932
19019
34396
16738
55282
73432
72250
52397
64346
54741
95800
49422
64616
2196
71721
93353
21107
45174
42365
51970
6454
37215
42325
42650
36686
78817
58846
5895
49491
81445
61075
63159
3764
50165
46014
61822
48553
28896
87902
64991
12525
9254
4580
25124
78927
40831
12635
79100
68136
26517
50272
47567
66464
85367
41151
54426
44620
5332
80583
47059
69872
41216
1623
56709
36856
45271
95172
15870
82149
92992
35164
54827
67225
81810
58762
97313
82273
51499
25862
73676
67021
43265
86839
43785
39363
84854
70702
15951
42727
7413
83179
31087
9332
80613
72533
2200
83037
14461
57085
33079
60945
14474
28957
20179
67346
24634
13946
33749
54823
23010
37932
92102
94875
71776
90126
52493
49559
4953
35759
29125
31148
50209
46607
85084
84341
17181
74631
91057
55061
4599
11446
7323
32874
11411
43078
69246
6351
30296
34956
5120
32313
54511
12880
13607
72943
67643
17312
29043
81753
89453
83558
53209
81551
59559
87361
83901
16993
92332
42517
75628
44701
83149
41599
27436
20377
10692
32308
97751
54090
60090
40446
3255
51939
30593
59942
96687
52507
45782
22533
26943
12474
17207
76976
98325
78898
57055
19074
10953
9689
64071
90636
77723
6235
55599
61607
2658
1886
15076
67459
29109
27353
68136
84938
59418
81768
3551
79176
45290
37331
1789
46746
81006
94557
33361
50544
85537
64583
66425
28991
25547
20376
27039
59636
4391
75712
33769
65442
709
19992
63739
63240
4825
9805
17788
68668
86200
53161
98011
96997
60411
42081
75496
89701
30014
77892
50663
69771
56745
86737
6160
68207
55650
57434
82845
10997
82681
15954
14879
13061
16654
75583
97356
19223
1319
49504
29130
93076
16551
45843
42407
49633
19970
90101
64462
13823
11297
16011
5756
64835
1662
33111
53511
19869
66055
9999
82448
72592
17588
45268
1225
54389
57754
58674
56726
41535
11636
94370
3209
78759
3270
37022
20069
59369
96870
36415
9202
38419
58972
59172
69043
66097
90537
53964
48159
30159
10062
24605
56313
36923
68902
83996
17171
21102
3857
94424
61829
63285
90227
77244
60368
9956
4205
20473
35608
53695
32293
168
32940
91684
76852
48918
39205
56395
57627
35073
13960
67049
87221
86625
1928
7655
30967
94321
98452
1919
49461
71217
84605
52000
80664
70879
55469
3020
78480
82334
58100
57822
51754
27457
32758
83821
85124
28863
95421
10259
36010
38786
3418
20351
88974
65218
78378
42643
95471
56004
38141
20597
93324
32163
53002
54377
35493
96623
82676
43161
96040
41353
7973
95018
1042
71161
55120
22112
59912
42750
32150
58281
62611
89163
50794
61250
9120
52469
21919
24663
16732
68533
41207
87141
4371
42756
63469
75510
52307
37000
21111
53885
8608
39852
80105
85347
31868
87451
61753
42679
45880
2061
5116
7154
72384
75535
62674
70414
38834
19568
20838
78359
92399
76944
60809
43999
4235
74472
58766
34501
81257
83910
42732
13407
56490
1932
29531
25347
92308
23952
58404
79977
50070
54500
37362
44624
80456
27298
99797
41747
96372
50950
69884
21950
19859
58350
91194
30211
28258
56356
27772
36093
43403
90707
18969
23349
65154
94075
39843
94349
40088
29891
41485
50218
60803
77136
6435
75645
55715
2488
73406
36287
37110
89642
4980
91383
70224
89151
51885
18201
78765
47510
44209
48137
73873
35493
67767
43110
56221
25614
57085
79935
29414
55494
15591
98519
86615
96782
10292
63650
3614
87195
60791
71030
73855
88124
80028
5401
30950
17851
12763
5188
56698
14331
81427
57745
69754
41044
17440
94538
57685
47595
50122
57211
90920
73798
16882
67094
51557
91937
92114
10093
15229
81256
23634
77540
76970
20650
6323
93381
60355
84782
76429
79450
65361
92259
69432
11819
95444
7104
30159
35658
4769
15134
46791
44353
67483
58067
18238
54767
26352
78120
22704
44910
81485
54790
96812
24471
62360
90716
67457
75924
56908
7837
80936
92248
13277
2475
99677
8501
19407
57512
11354
9658
35310
45005
99531
12801
68557
35566
59105
41665
75811
71406
91420
39622
63098
49446
84363
19828
74719
39023
53677
26426
29188
98909
56545
20441
9245
28217
94557
24793
58231
97881
71425
60696
67803
93463
15416
44539
48600
2709
71736
28368
99925
70021
87988
51471
45708
46188
15254
12456
55788
5163
81466
21386
88637
19125
18511
26866
58091
22268
60494
54041
45013
38500
76315
2412
26749
94454
78962
93174
66903
25686
80036
5594
34601
26008
60512
25041
41524
34458
752
38257
43511
29957
4287
907
4133
23902
82159
84136
74603
83425
21415
52014
95873
83930
1031
12094
53727
31487
91485
65517
18519
64854
35373
68358
71914
17535
28175
50918
96408
61939
83299
87853
48457
38853
33632
38653
75928
17273
40842
9079
90098
10841
35575
92240
77850
65638
27939
90420
29288
61491
2142
22747
18672
93806
14838
36026
54869
1669
1981
90016
65084
88818
16950
35850
18235
23788
61641
54613
54280
38978
42531
5321
87335
57930
70600
35645
55041
32161
19535
57656
71149
61329
63339
65934
25403
59041
60546
62077
60557
13959
2795
54409
19489
64650
8621
56571
42071
73203
47585
21061
53290
37767
66667
95998
20853
58645
17626
25788
17284
2353
76570
86259
15766
59831
52049
39403
65183
96030
15564
11539
2691
76373
64557
90098
94005
59846
47486
70604
66489
83172
13492
35289
96725
28083
23588
9268
61878
90214
29815
79770
77803
63709
68299
50713
10818
84136
31185
79275
29767
75193
32276
39636
11834
42649
6760
10891
30633
34855
64907
704
47444
3987
94459
26244
37938
16153
43269
11260
56824
53052
69255
43860
90031
96946
64863
52850
86530
29395
36369
32191
8219
1090
92187
79435
54947
59732
9732
30047
12218
26989
29217
94414
75957
18311
29151
66509
69166
69273
64768
51339
21302
66793
37864
44320
67770
73623
8951
57151
6519
30780
60547
89821
95456
61034
30860
93064
6042
30534
29008
72019
86198
65932
95924
9821
15015
74292
54588
38426
99275
83134
59916
91668
33414
64552
56832
56229
74574
2901
41855
4646
47600
49606
63067
3336
65329
14651
57844
3999
70432
34829
31185
41697
72192
63072
7563
96828
30784
33777
32829
95141
82745
99899
7552
87421
33845
71311
72107
56034
90473
91007
38481
41234
55907
51455
71203
25482
292
63125
54360
45411
62136
76728
89554
23545
34542
65814
40477
77158
35306
82100
98292
77786
99552
55439
72769
64140
96357
54463
3084
95270
57798
38474
93518
22937
20784
27414
4823
10542
43265
25198
82025
77703
99831
17895
91584
61987
11228
17959
72282
1420
60154
63000
5897
90325
30415
8740
36337
69075
68992
1306
81005
46932
40995
50621
59963
39757
19634
25554
43108
58296
22641
86791
925
83536
45369
91587
79497
94892
75474
94060
68850
22644
75614
36226
37030
77382
93876
74343
32349
51397
51265
72952
33795
48850
33362
23636
93330
50017
3332
62646
27626
47525
33524
41628
40283
64304
40200
57944
66282
1655
30881
42874
56982
60475
85478
6984
5011
53553
40375
92449
37028
56115
15480
59842
40834
14765
33297
17556
36388
10207
61268
88318
74112
75476
57425
75607
10433
41673
71072
55143
21809
12939
81308
81323
55770
27978
12491
18530
7873
26256
33166
32628
77230
33400
93091
80629
70660
2337
81332
35758
53937
99230
35084
94933
52876
25299
49648
69656
93810
59064
51001
72062
59835
27589
44631
90976
42950
15130
7966
44775
44451
68595
74963
48630
12719
28377
53671
58982
43937
38752
50749
42289
69990
14809
10623
27564
19144
80423
96894
76506
49538
78265
5519
72740
81999
26449
11470
93704
40044
30666
42219
73072
3704
91795
51519
71416
83788
72580
67824
59233
96295
11364
66908
47506
28300
83146
81000
53821
15575
52269
59874
64153
47322
4301
26355
57464
89967
70378
76322
41220
50512
34224
45288
12707
42914
54505
31385
58620
4014
45837
14937
52669
48013
29705
10264
63830
43748
51831
16558
78020
49574
83108
57985
49637
17733
48807
97268
5061
61293
98019
49623
56718
7810
36889
4831
6790
53934
98662
11633
76001
34724
45583
48405
84861
81485
94126
74550
1256
63091
26808
13859
5432
62106
99114
38489
45671
32599
51412
27359
16550
89723
5406
3676
5215
11607
76581
81381
68291
92687
403
2368
48652
95249
87530
61990
84631
47337
65224
22095
52088
6576
74569
21548
60799
47093
1920
39940
65505
53312
17513
89166
71672
94968
7651
88295
86046
36046
59620
38511
5931
66071
77832
67467
65501
66189
48036
25216
4781
523
75479
72311
80279
91822
29132
73927
14531
9175
13662
14812
14651
69389
8538
53933
83073
93181
86266
79557
50402
21134
92980
93089
48988
99815
37459
11983
43010
76201
12060
13295
2226
81077
99951
94458
62461
4563
14919
79804
62134
49912
56376
27388
4790
8649
52667
80517
41735
92060
14965
87649
32594
10325
59374
91914
10918
28647
95234
24842
85435
65822
81648
96777
3020
11193
77774
52206
94036
38269
91334
33700
86175
6024
36478
68958
42395
48417
53839
58496
39185
2882
93517
54913
11763
30515
40105
27482
95499
74553
50552
26017
18832
79614
49312
22595
66260
94315
49667
54935
93778
382
92968
24165
39584
33121
59514
78460
14736
50112
22657
8427
84571
45418
82136
28925
7846
73240
84890
35306
44420
30280
47843
49937
43483
73645
25931
64707
96960
34328
88606
22477
47135
58707
30265
63800
68694
16018
70360
92291
61201
59394
38741
40293
32202
54186
57205
93250
24598
78782
7063
63821
54861
28648
24363
14027
56856
42198
17052
44897
52628
44632
78389
81598
51431
30917
79676
10757
37416
77178
5853
46665
67421
32369
65147
77745
10506
63606
51385
48444
81494
46669
91911
91232
37347
81959
86386
61913
24018
98523
46564
47384
48159
8118
26775
11046
563
65480
62234
80331
29643
29658
26199
77726
93059
18275
6717
64957
9112
11014
48189
33300
63564
80644
49062
95880
52460
36658
94650
69602
70748
29256
72866
50399
44237
72612
47455
41884
6479
18803
73404
51837
15187
7821
47038
42967
99854
25780
46629
68388
89692
47297
83454
89706
5737
72535
31662
78056
92914
9365
20695
69472
99286
89924
64835
42698
82622
31392
15832
1913
21743
41461
71702
35492
24893
71749
61402
93071
16081
15380
37532
7089
79175
47007
19908
16000
69316
76042
65253
47911
98240
17012
47504
58772
41872
19561
65834
35340
74662
59172
25193
90116
30599
67688
96483
94138
62398
19097
45383
47454
59561
39087
38756
80210
84259
61890
21600
28076
76362
67641
32945
99271
35401
75178
47069
6853
96152
95665
5342
64453
25858
68581
8441
10132
59272
25981
39689
6012
87780
97494
24325
5394
35210
41195
73133
4247
76579
81984
94629
45373
39745
29537
21958
53902
20159
24185
46073
17479
97420
75955
68411
16878
75609
58697
35079
88950
35004
47550
73720
96070
25802
37306
7877
5774
4731
86334
90083
66804
29766
59759
94854
77396
90916
14644
87530
74304
78265
50238
91540
45918
55186
81832
53264
77459
74046
70629
98912
14976
8930
57747
10345
32736
41959
96563
41408
96919
48049
91156
71734
41493
64126
18137
2085
60771
48624
69062
48201
89562
33962
35230
46173
2249
51160
34388
93906
54916
13559
95592
89743
19760
31828
5458
71134
22498
34840
90317
6216
90845
51069
9750
7686
97443
40511
14368
69889
85671
33349
80319
64896
64769
77918
90053
52837
85146
68509
69478
66991
50745
86718
32107
78252
83441
28794
87998
1451
40723
26439
86195
32276
7669
34100
54510
26694
10042
26100
31746
24523
92656
89617
63038
38882
92412
6781
3294
5032
63650
20911
35773
42993
96809
52215
95017
13733
956
17244
49632
15599
63439
15332
31314
33111
42719
8963
55090
73900
46022
41687
6561
84854
76139
52626
32331
12741
87759
58772
66613
96882
34486
15364
50870
73614
91925
69064
7595
37575
95232
15427
80254
96798
32409
48198
93115
96549
42070
59944
89214
55920
72028
16883
66342
51856
73631
36032
80602
63422
37096
83398
59540
33538
420
49332
52401
22668
86980
18018
75835
16872
62019
92409
19220
49927
91190
98567
10266
16317
22233
45059
23986
98249
33443
70178
83776
17302
60225
54260
67774
48863
49160
9814
99670
57226
86248
68877
18468
23087
30262
10857
72753
88591
57243
54338
4456
57054
78377
43791
99495
21216
93381
24528
21769
77647
12117
66946
75524
94300
75194
37574
9579
37918
86452
44323
55827
74588
79186
55702
60443
78218
8626
14483
95007
31743
37404
4703
14423
46958
26387
8840
25275
37808
95953
24354
28906
20220
64867
69830
9344
29529
50395
3937
406
79973
17167
47613
94165
51256
98683
47797
6783
11212
72687
4591
92812
49053
52403
2994
66485
62661
43290
82471
30790
9335
78382
8296
41488
39494
26096
61668
46674
59022
26753
28928
96496
74881
76688
26345
30897
43149
47115
3348
6035
7797
476
80213
52869
54101
92903
36683
5477
47453
77254
52947
99547
22131
14666
14179
20244
91281
30018
23493
45508
2793
65597
91346
45413
65781
37059
4343
44538
36119
54821
82470
7796
69692
3977
50124
11120
40222
70945
64113
28066
81980
41990
66438
38487
11800
43777
21338
48421
71025
39032
1801
7820
65643
92219
25898
16216
7812
59242
27489
918
91939
59885
29277
94172
47655
36666
42641
59222
34082
16169
47613
20949
85236
49177
47854
32268
26710
64693
3981
11820
28900
57067
85314
577
40105
90944
37740
42616
11753
97508
77940
16955
76145
42182
90646
13235
96983
66013
95604
37408
39934
84107
49297
1971
75041
52088
40439
31432
34339
36017
21316
51644
94771
27709
8879
33044
93333
46190
90359
67802
61117
46487
94051
64389
36465
44390
84408
65962
16996
97309
41010
81550
55328
49208
10154
69369
41266
61721
81033
13762
43998
82565
14477
65054
41707
87928
12772
83865
64724
97537
79101
43647
13980
53085
70081
66169
56442
56447
58800
22691
69168
15116
99396
80738
67439
64490
74093
99391
71823
30533
39093
69179
82364
70297
62244
99838
44843
77348
25215
97845
83545
67712
44362
1352
20813
59398
40866
31302
49012
63082
80875
27637
80296
74564
14506
88975
13879
79529
52340
97479
3304
11782
17659
34003
3631
41459
39703
79985
94941
88586
64731
78259
26718
28457
73206
66245
79445
44916
40175
43228
97301
47030
12047
33626
22462
34676
39699
26113
9292
29441
13477
6419
53614
44875
97693
65550
74381
87335
37155
69564
43083
16349
78367
54980
4848
69490
74967
47973
93910
84404
31364
90379
24066
18579
64838
73408
32103
69554
57329
67167
68992
69677
80094
585
80046
77502
53361
54596
33826
94217
74592
19582
12396
72078
33522
84280
9129
25458
19910
4668
74448
30394
10835
35789
41178
34763
75459
21020
859
84835
38774
68422
30425
25193
62959
26049
31576
6964
24197
25122
6488
45264
36692
96101
81967
16421
18120
63712
63086
95575
4422
63413
89284
23829
12538
2395
72246
25151
44080
77839
42242
94889
42968
97759
96598
8599
24082
8372
88312
62802
57494
3799
7328
94142
61644
79233
57215
47689
83403
47768
32431
31498
93526
48524
27563
15739
57722
13425
16602
53607
92143
43747
50355
26948
9907
71453
98563
15961
52318
38880
52954
25033
20520
24835
61711
14901
26950
36867
10696
34026
49177
69874
47369
58487
55928
78347
16499
53120
75194
87143
16624
21769
67687
88462
58177
48856
1766
539
77944
48484
1202
42414
4259
50999
90014
41350
82698
75130
29754
71633
56359
39285
40589
62652
27447
85999
55839
94730
58259
34866
78138
37000
33796
65546
8767
23098
97200
24081
20835
2789
74622
6644
61417
36261
56889
25714
5890
13448
47510
57680
89441
57884
9671
59692
20600
75085
38638
82951
7677
58886
61993
303
81939
21598
77235
22948
83312
6900
67173
5582
94430
97700
67836
93499
58360
14315
96583
79731
21630
96587
51797
61822
12322
97837
33908
45283
74762
28753
8180
78685
2122
15492
16008
73450
10317
12895
98992
64234
30274
84632
98941
44488
3992
473
35642
22532
74898
4800
27099
97071
39043
63661
59799
96351
12259
69964
14811
27006
29329
32248
1231
21382
90935
23098
72097
56570
22909
46487
26932
91453
22627
31323
59869
15663
81820
11813
62935
21050
51815
61625
33827
96963
95863
64563
35898
22002
87404
83215
35425
7318
45740
75441
6450
85818
3851
90929
612
87781
22631
85424
47642
84500
38882
54024
99225
99750
96257
41773
57029
96561
39015
84082
68324
38527
28892
98186
1
87479
66055
82654
24820
1048
14390
16462
51003
42217
5772
32885
51085
18477
76596
22184
45940
20385
18056
13577
43090
12772
22152
77058
13440
95795
51514
67187
82563
69851
99892
39390
98411
64672
89930
55638
34799
30980
5473
24779
45584
65607
36513
7657
86110
80508
38237
93408
89126
21739
62295
91122
90561
3943
22483
61041
63874
69940
48872
79947
61495
20108
27898
96379
34991
7932
82242
44337
17944
72716
99222
50553
45310
27881
91199
78811
68228
68612
61828
83783
80597
14131
49603
62061
74450
49153
27892
36035
13901
92148
61756
44869
51603
72445
38433
29704
38208
63916
78862
63853
93652
21306
86948
89681
66833
49958
89668
81790
36449
28662
64166
55731
37332
1938
87486
15455
63568
79362
63309
68277
23332
30092
85997
58467
29508
86814
23392
50108
88912
93235
28395
58737
25660
41775
63687
59423
38234
67440
605
37880
30771
82459
72838
35603
10152
89555
81144
63717
97994
86696
85442
9381
15018
74758
30063
20408
10534
85203
83770
82125
89373
9979
3160
67101
80738
26018
34963
36793
8733
49472
78417
17102
5879
70332
14022
99772
74195
93331
70226
89454
36513
8103
53437
97619
54958
33845
1413
53092
55698
53357
6738
95063
8837
56519
97762
38454
48213
36378
87486
83808
43003
19920
4736
5802
2713
95224
59671
30389
62984
38527
27106
91871
57722
11963
69848
63322
63486
11912
91460
51235
52107
36673
92826
32172
94969
40730
52549
95381
7805
98399
70825
31440
16634
56679
34940
41906
59060
4486
24878
46308
83520
6724
42876
80386
31408
35211
4428
37114
14076
31403
30273
85614
3749
71641
46157
74570
67964
57751
77199
33304
93732
4152
69016
35068
5883
89749
40552
3366
40394
98811
54193
6440
43330
57362
56027
38589
10513
82084
19187
92801
70226
20345
74558
2358
63788
59299
90685
98111
32666
94465
99401
32285
18127
60802
25238
69988
98670
88879
38904
11101
84049
81537
29208
28499
98984
37022
38272
6537
2139
17595
34535
3699
48134
6961
16231
31907
80485
72788
86649
27689
40823
71483
34735
72761
57670
98161
51623
6303
41238
54941
91865
30716
74987
21338
82643
34480
74163
49904
56992
34535
95208
32429
37677
86476
51894
5610
66903
15289
98896
94979
74066
87355
86777
72479
93887
70358
91477
21899
15749
47207
15677
6880
43906
5422
52373
99772
77259
88017
36199
99344
97983
65004
90211
67
8347
52555
36900
86771
98360
14468
73422
4838
85530
62034
50300
5470
48014
85666
10885
34113
20100
22729
9742
39285
16670
4992
55421
30368
39242
4599
27663
87508
33561
86400
63689
55444
43746
10426
44770
3310
24773
16441
25394
57631
19618
48166
42008
76602
33884
44293
33297
90133
31127
46714
48463
91200
91548
24915
17454
58310
97689
59899
52645
81787
27184
35718
4707
31567
10491
44040
4559
62117
24916
76040
28089
67964
55269
10259
21894
16745
93711
53316
36360
80880
3619
41623
16546
16104
54312
61835
6338
55487
92021
32231
45523
55418
75791
95142
58978
13818
28385
77318
58512
7203
71483
81569
99902
4281
51140
47311
10364
15706
65382
1155
55066
51463
88373
36603
22960
30530
87840
37959
48802
5673
81742
3812
78411
4535
39983
11822
92745
62991
96011
81268
93785
26846
72131
52938
893
22195
50633
20510
9363
28466
6420
15598
53693
24996
54660
14494
97753
36318
19401
20570
581
58809
28993
49599
65123
81591
97704
47390
21576
95049
60287
69367
22185
77847
11750
23277
35615
82110
51200
93691
2946
5471
38681
85429
71396
66048
95755
88427
4657
11736
16495
5217
2649
58546
9633
38781
50366
23383
51838
54015
12229
7869
35360
66138
20625
69175
80696
91614
98528
58295
74855
14230
91293
59285
17967
76111
3052
55260
8807
5349
78506
32815
96097
33033
63197
59103
68715
18056
69112
63190
59627
33200
26170
71302
64194
97488
54770
80669
69953
51947
88589
59616
33690
31529
42667
3489
34827
16593
97841
9639
67803
63673
51179
58726
37663
27078
87307
19414
77187
70933
35219
56160
61800
30730
74772
61574
43709
54955
32605
82066
35487
23256
37823
16377
93170
95384
32983
69984
34739
53077
65056
996
85418
21172
11384
3409
13045
40527
40292
25031
26818
88573
68899
82040
40129
57615
5280
38877
74025
28631
81869
79951
40107
18131
37141
86773
66873
21719
27222
46913
81034
27686
63758
29423
42558
59117
89091
65863
14379
18011
94732
84003
49493
33394
16822
23279
5792
31991
96243
3619
44456
50505
28983
67912
38044
53704
36599
23884
58216
2224
63646
92030
91736
43382
59422
89537
56762
22309
67814
15690
13277
76447
66185
31852
13528
30452
32744
89586
1621
76639
86739
70476
99343
75012
42224
63617
1882
51062
1980
96305
15707
28278
1609
21237
38499
53513
35716
95281
44925
38663
29313
85542
77910
89006
364
71887
35953
26113
6379
58727
95239
85193
49783
88763
13109
61265
33992
58770
24346
72442
92596
66254
15569
44000
19506
1534
76795
25945
22994
6856
42521
67615
17856
74988
10554
54152
40179
80469
21265
23940
83408
52188
74727
14089
37300
73552
74473
95527
57532
12513
28000
52226
41136
28501
56971
50915
69466
28015
41991
58247
88549
49753
22593
38915
12749
77077
59098
406
25097
12891
57888
51460
48162
6758
58300
61853
68648
29563
92573
38234
4647
6228
41217
95453
65554
82367
51761
50325
52323
78807
94160
88282
3664
58062
82417
83047
37380
70860
44106
71519
33640
40323
17466
36157
71212
21675
62986
14664
40555
32453
64234
62362
93003
5163
68425
2241
19819
94477
70792
57778
19538
67742
77954
10114
59743
44912
76277
20477
56318
28669
50686
17786
72193
41997
2034
22968
19432
37478
82961
55289
18112
62527
38639
29376
77924
37542
56147
55237
57554
37228
97227
72014
47815
35430
28727
50943
74857
37995
94499
82027
42016
38304
37399
79510
85970
5673
57872
13724
35941
68035
94174
26279
31750
83306
77168
20372
87269
82200
16958
73496
7179
5227
56794
44108
28998
49294
69262
32924
2937
61117
43148
18165
81574
36476
11486
23551
18429
81138
56040
17021
55824
69893
63401
32046
6914
53483
46126
51171
49500
12959
16669
48485
56900
64466
42855
29013
68221
93820
22163
34372
33548
82624
9707
97663
10701
74392
1107
37834
34872
73811
89024
61092
605
62199
5458
80914
18128
83030
10540
84614
66900
1688
46457
31880
43887
21921
36512
50127
94881
17160
12137
80477
66119
45466
17723
41947
25159
89015
78562
22393
84915
6452
14905
19248
62033
50797
75137
25829
73728
37760
84720
71398
82817
80227
91819
42742
29334
64681
68415
22229
51193
10082
42288
34783
30097
80842
92990
68590
40610
28518
74015
94228
62771
28558
39802
63700
35062
17450
11348
48069
73289
96956
70475
94450
92782
96108
17480
56061
80365
37752
12019
92182
12166
5566
69083
74368
42801
63752
42861
83897
55445
11058
16401
24400
51490
54069
11506
57123
62817
50341
32421
83370
37378
27955
98922
51780
55813
99601
82984
11357
59161
6414
86100
2091
75476
94890
43234
49334
18545
61319
72466
2011
13213
74276
79629
37307
8279
9740
2364
85697
43971
15866
3735
73186
82509
87829
69934
60507
6839
92461
37234
56744
60752
4776
16348
63246
96162
57749
85423
29197
1847
20718
62693
66402
9901
16803
16098
54791
91725
59782
92022
67244
69686
34778
82411
74435
46566
25597
28099
64075
9521
69400
29849
66076
12262
51268
48573
67377
25293
12106
64768
65383
35819
13981
91729
11629
13683
80188
3427
9904
83551
15092
14459
3037
22726
40225
51079
29117
47083
21134
30148
26573
2530
54994
9811
69175
96804
18173
13537
8720
21360
14013
5195
25853
34068
71956
46651
64927
26454
23934
87752
68276
13181
79638
41871
40958
66004
85191
86947
82068
86125
71753
18224
22258
33408
79906
5206
78454
98109
16500
80935
8208
63325
18706
12271
3545
39343
1468
92875
9611
10003
99509
45020
56097
27741
27297
80443
7772
1422
58495
48226
27972
13850
24068
47772
71072
80405
26378
58493
44237
30424
70353
6006
60825
12359
95726
42109
9963
34204
45180
80007
57516
71509
33487
15247
51293
60133
30772
99057
32639
52955
92708
92528
64294
55796
26039
71533
77091
65202
9995
30279
85106
3554
41759
91329
48964
7935
66790
18701
50821
28152
18825
85893
57692
31789
23440
63060
10031
55695
46293
17519
35926
43504
39689
5716
12945
59483
37698
45556
32983
88741
44688
4200
75571
20286
13536
90025
88306
21362
19603
74135
15651
91576
41322
74788
87871
24671
35320
69159
66340
10555
92464
31449
1808
19769
48328
38858
24312
21943
67991
38861
21665
49302
34913
36148
83082
76638
99012
76256
38039
19957
96115
91315
37819
694
74563
61465
81819
94633
42358
71451
48182
79785
89162
65037
22960
82445
32959
14822
64411
70287
61532
91045
76572
84623
82214
92166
49031
95954
59377
29458
77999
60448
78598
38684
97055
88327
84621
91060
58249
97076
45531
38516
76439
90897
72921
78784
68571
98862
65075
48972
92618
88159
89654
36028
86867
95969
71960
50948
47759
24673
98820
61480
39319
41419
14159
30461
11450
86412
12137
93204
39688
57356
7437
42890
92989
16633
92432
82151
75742
69810
49684
36778
77983
26086
537
51885
20907
15898
99004
62669
43364
46817
72822
67330
57863
35529
71861
86836
56167
55842
98139
2446
32733
35210
38358
349
98742
31
83946
41305
4023
38450
25251
36267
69359
69576
69178
99376
55464
65853
74463
527
81751
74533
69063
4471
67655
50083
95166
35842
72580
28809
78688
67350
28788
41925
80516
2330
97541
58470
11906
29843
1425
75715
40299
9778
47986
35075
62808
14753
67267
53662
52924
11036
14391
58939
55750
6353
99077
39159
4459
98554
39295
85355
5839
44268
7400
48174
2272
68447
36444
35709
95777
38657
10492
61352
38855
48046
76059
71287
7718
43124
61669
71908
54301
60941
17027
41803
59325
45910
25598
25513
1087
27997
10372
77306
75354
24642
28575
27500
28723
69044
32592
49583
87436
18951
60750
48962
53636
16158
1973
45313
98405
86826
4903
11920
81249
23923
49347
3798
90143
38491
43922
70721
16832
59080
967
58932
31214
93830
40791
97469
55766
80748
80952
4175
85097
29358
99701
13248
5405
88617
41435
46030
11969
91168
33495
47081
58167
43610
81701
69350
84391
38449
99320
20531
63818
26050
78092
7702
8534
72842
4735
14125
40042
24832
32786
16
43692
23505
91254
89318
45893
2857
54680
44171
68528
51357
82342
42454
9668
88642
35186
61070
77346
69540
83561
18855
12216
75383
53687
30269
90977
65582
16001
24991
13982
80507
39122
44793
40598
90341
18745
65980
33745
68718
14457
90522
63584
68753
37824
70194
36057
64137
20048
31543
61596
67640
75783
70405
57399
63035
10376
85719
54768
80358
15441
93979
32465
69760
18151
18664
97361
38512
92139
9137
12230
41197
59852
30827
80838
74559
47466
96079
12070
39683
47865
86228
1220
33266
58897
13250
28087
34076
73134
59888
15948
85356
19847
38861
96416
90917
44720
81558
91437
74164
49931
32535
19621
45266
74121
79377
82779
89882
75433
19651
45380
19289
62771
58357
36605
42192
85798
2434
50968
2652
9790
75058
90834
29585
65574
67960
47882
42259
15932
89345
51238
16149
26960
22540
86236
77054
36289
43634
51293
80297
88673
60399
25446
89371
62101
41193
46681
44851
27600
96353
47466
94785
17501
50555
9760
10518
21249
34979
75694
50274
85220
83895
2569
38168
80827
20703
81958
1204
17629
61117
84555
63261
30503
93339
52963
36224
692
81445
45315
86916
28830
23967
16867
59405
95086
96078
78198
81673
17156
66485
37031
70351
82228
67158
62051
28386
64126
83707
922
81313
75279
12435
66422
46253
37016
16856
92016
44919
93184
31125
27847
25669
77459
91602
42527
42853
11832
36575
53387
49534
22646
44511
84321
81303
12363
44966
10520
44831
96030
93766
74780
34191
39824
9678
67397
972
73966
89513
62344
35547
79207
81621
85374
99532
65234
40317
51539
94833
37002
9973
13892
47838
1610
39257
89560
47930
92252
37697
49747
53854
53890
78787
30445
47019
89733
5995
14122
82399
10892
94564
75353
16796
88727
13058
13063
24977
44707
72809
6693
38915
10483
33398
82369
72464
53909
73758
40541
14764
79202
53371
68984
56945
87088
3630
66125
61717
15491
13289
54000
26345
77556
8363
49220
81815
32082
95385
12890
13616
78980
37736
5989
35054
768
34097
55382
21423
62911
30268
13746
73476
49488
68326
20027
54926
24717
95665
76195
58125
15087
85050
91611
17487
8488
26801
59731
35675
12129
57988
68794
1378
92532
32947
28342
29173
55209
85374
30839
77077
27898
42935
1176
53409
11253
94516
17309
17182
11853
43667
2995
91699
37901
40498
72192
28715
83686
91175
21954
32069
19477
56262
79041
99404
7079
25276
87612
59957
44704
15282
81720
20314
21688
83374
86488
47037
21714
75348
31693
75095
17108
85372
26550
43516
24686
76430
17973
6041
73644
84428
41832
6510
34076
47813
93685
66905
493
84228
21298
46629
12689
95110
23121
92500
7402
40307
21201
837
87281
73315
6672
4833
58346
15309
22724
43641
69266
63959
70834
93935
41404
71802
93195
12332
82584
35086
58949
27414
36591
45654
17519
57731
75742
39676
54029
81854
91446
71040
18108
11004
59790
54089
21928
65977
40395
82778
84103
37791
6240
26400
19293
92984
79581
72923
8351
47324
26987
33879
14965
70914
27051
40444
76101
73869
56981
19739
73890
54827
72497
14044
61326
60225
22652
30574
21120
42356
45416
72205
85370
30035
53160
79415
70069
59577
17851
82765
61888
48028
15141
40790
94664
99926
2428
1576
10764
63802
1909
10423
71087
50616
87562
42858
80451
75
27128
7194
25202
16557
56979
75448
57226
97839
90859
46262
91692
41760
44181
68100
27466
1999
62241
3075
37497
98856
85250
18579
80598
7987
50218
49013
28662
92139
2634
3471
5242
49209
1017
63192
11986
83207
54079
20007
76890
21146
12914
12032
93754
33394
62188
42883
33774
84278
67006
66821
71021
89001
79559
1479
44675
85063
6441
46084
54113
74226
15596
16151
9474
7423
99097
32094
58239
91050
97174
65197
76938
89545
46687
33310
59904
48670
73542
11668
23716
47102
81767
58547
21300
89320
14941
78065
3454
71208
93745
34899
18002
57497
86815
57702
16059
98458
94468
70052
43197
7877
70914
50076
49755
15827
90574
1841
79320
46945
1057
80613
81318
69225
37923
87117
67631
13348
3910
46095
88628
6769
27691
79112
44300
61779
3436
33272
28618
46475
65268
70568
16164
1533
74921
77255
41428
19483
80441
36217
66211
56447
62507
50122
97098
60213
36823
96707
77158
11062
37165
52772
66467
3591
2120
74469
32858
83910
19247
49197
17667
15573
61427
13406
27031
71670
99943
69084
22573
77599
49474
3431
78533
66823
98314
44635
45696
52692
63575
68317
4111
71606
57792
6849
8572
21755
20045
74845
31851
93176
23619
26082
18430
62277
82397
59956
15550
27764
89370
49569
74495
96643
15895
90096
66908
29005
14942
46256
85662
54857
20482
10463
98296
8572
22917
5881
2737
74059
67533
9270
26399
97244
91000
55057
3039
33542
67575
57464
84725
26670
5994
85336
38160
93755
21922
16844
36153
33417
24110
89525
91520
69908
13781
73045
95551
54870
79880
52766
81060
23047
18154
70947
45981
35371
83418
94672
19470
40767
87873
31894
29255
32115
69124
99105
33466
31977
47654
77945
20850
43325
6684
17750
84460
53888
56465
87422
68253
66372
50305
52895
83711
65962
74540
22365
29026
97493
20868
83228
16219
618
77098
81434
87539
57819
75558
65509
66886
23404
81857
32456
64664
2288
57042
7099
30109
79489
71178
9315
59360
36573
8914
38181
524
9794
56501
51490
22697
5396
31071
39278
60771
59166
92119
2794
96687
12726
56066
36384
49613
55056
22011
73899
12320
74785
44627
10086
41247
74978
71136
39104
6303
26992
81313
2492
47895
9942
52394
74243
89188
38720
13500
50425
58917
92740
92472
74518
97792
92284
18293
27474
24670
18395
93770
99947
60542
85311
44903
62880
66220
15296
40618
37374
2372
30609
43186
17581
86956
81283
47258
87711
81736
26395
62304
70484
98852
54474
73814
61740
65837
85681
68535
49610
63261
47641
71736
94482
96420
27291
74272
24910
6040
54624
89603
67598
78623
78047
9578
90039
69543
13075
42159
34820
27986
74484
80933
22090
26235
51193
51787
31934
57507
92967
53046
64422
48326
65547
72297
82168
58640
53735
92125
86200
14186
5998
32469
22885
3143
30717
92546
51658
95171
93513
35532
33463
9544
28040
22928
7265
37721
10527
69161
5216
88180
74811
53024
98648
93444
37827
51987
19933
46723
4621
23807
34121
73117
39595
98704
30310
7007
85555
68326
99469
87972
58608
30597
81562
93053
82102
9955
8103
24348
43669
9159
73236
98470
56829
67053
41068
53
27827
31982
44428
82888
45134
80889
72947
57436
75143
31990
38426
17061
70986
70105
4018
83128
85984
92666
65499
92804
14914
51975
84304
10236
90106
99983
78156
65973
49763
37780
40410
69567
90916
27543
96756
95028
30208
52706
41067
42012
50450
26685
97346
74955
16732
5624
19602
70860
1405
41442
19254
19503
34635
90843
45098
74834
20016
79987
76651
68249
9646
81851
74587
46604
39813
3300
57175
62731
76257
88217
13381
81892
11269
71037
2133
49477
15563
87905
89064
62418
87220
54593
99345
19958
59902
69160
3656
58934
48213
56853
66583
70041
60197
78407
38021
42395
57401
6875
51594
64739
21511
65583
31467
2538
34690
1750
83152
55891
2620
26957
90668
39252
8544
73371
1942
44677
92690
18304
45470
85579
63912
6723
2833
16003
46755
59458
44199
55509
21951
75030
16126
58749
63504
65577
55261
89593
78409
79178
42586
86056
31403
55410
81503
6522
65552
12451
41874
11297
45985
70894
27269
16297
67087
543
39534
97518
98671
53299
1489
64339
39243
84948
71737
91945
86929
20980
88576
25559
64483
74853
89232
20610
16656
49550
61353
17312
3508
66955
3460
53284
32477
51426
14173
53355
84112
57420
5088
83378
22841
42608
29041
66222
22775
36331
66643
32202
5294
85780
2065
33967
13032
26603
9214
9797
46347
29937
63837
8799
95550
12804
8521
59153
47301
69016
47977
69024
1089
12507
72857
1916
62625
12311
72412
24662
80684
12025
4973
38721
94999
50654
45180
48107
48518
22197
13423
5166
90547
78572
30347
32204
50930
16723
35275
7131
94136
17058
22098
29084
10149
12666
84995
53589
97821
27534
35097
1833
57488
4908
64187
42007
32595
29366
73179
86020
33562
86946
3340
54720
15282
30923
6576
79119
46652
7357
54601
48163
82863
5449
16550
41601
50084
33520
38233
2641
37002
79433
54845
27592
7938
99090
19334
77587
65655
82988
62924
28039
67179
20635
62508
41418
39483
38949
66798
37745
30358
25522
55143
52398
33181
96689
66933
4363
21382
17385
9753
8592
59559
66932
49463
45821
47415
49848
23150
78378
17943
2919
36445
34061
77154
96526
49413
36690
69767
20027
13963
92600
68595
47678
36973
56604
70714
75356
31074
89290
51816
67265
98181
49276
11619
20288
13848
86870
8337
30895
97656
95953
18865
33975
12245
54820
78808
50506
899
90237
23715
23110
62995
75358
64492
86809
64325
83498
47495
94108
94578
32229
70865
73456
48278
50649
91153
96373
4801
81202
16874
3687
98826
87256
42055
89979
36189
83649
12128
61041
56372
4838
37147
73223
33110
1739
24917
88209
9862
34123
80601
63896
57006
82333
17619
36832
2341
69645
36605
43247
15311
88595
74390
81659
34681
3832
34959
10381
71484
55100
71131
1444
74413
2770
20990
75774
6476
41230
75744
13263
9209
59656
32934
63806
64507
75613
73800
55759
86191
15269
81211
14949
59064
1469
62877
69025
75538
52188
36279
92869
4306
65817
31579
7324
63870
65231
40772
9367
92296
16886
32123
12541
64709
66064
68654
48374
1588
97284
28822
37575
60681
67774
8054
75965
90375
81016
26282
6048
84805
42778
9762
53424
80996
75042
94041
11024
5461
91304
56283
34194
58349
56816
22076
92718
10529
61017
50136
12131
3225
62561
21748
3004
47571
91026
58330
39001
23617
55447
52658
67713
15883
18045
69863
22861
17875
72504
75779
90238
9972
54479
95596
7568
57069
61651
3873
88412
28958
8107
94106
39704
63947
61437
57480
4607
85483
39184
65982
18020
36927
24330
49596
74295
50467
44103
5535
24685
89282
97435
93627
70292
931
41264
54664
56587
52514
30343
25532
92078
81993
59577
7982
5095
49970
18196
66155
57830
90965
58707
71103
77160
14275
41614
33355
96766
49157
32450
55864
54722
91977
31181
64972
38396
78800
14676
83589
27493
72117
35454
89998
83920
11878
67090
2936
39672
36184
32426
57515
93112
52877
98821
55473
17927
60993
14871
38048
16888
34689
18018
98054
9204
73969
7443
1064
92674
53751
61717
3724
65479
24787
72908
51286
74173
86025
57384
71266
46049
57275
39018
40665
9996
39440
41569
21618
60128
55349
59123
69208
42766
16085
781
98260
90244
85896
62932
48700
51993
2449
36862
32763
40171
74434
47824
32834
8576
38713
82580
83717
62703
31148
29007
2928
15944
89230
37934
71728
34100
55599
33502
18170
3749
37898
38289
52102
52140
90654
81765
10773
93058
98379
68683
68563
43836
87893
48241
47096
86674
54140
53980
51633
62662
96013
1960
64295
75592
44989
7683
4217
27102
41495
31384
81349
51680
96937
49581
62517
79152
24768
25261
88810
50709
44644
69911
41261
15229
16139
81848
70008
95082
59546
15091
86063
48271
96417
13668
15967
21171
38064
80125
93339
22299
76989
53760
57710
30660
88467
30711
70893
5170
24171
99329
57088
61416
98993
74605
14107
67250
50177
57391
80996
18450
52237
67846
24051
33873
18197
55947
17902
87190
32796
74940
95350
78032
89554
89331
66024
62405
66151
62887
44229
24435
59053
74382
33360
10468
63115
39711
98057
74815
65388
46034
62089
88346
72916
9031
80974
32239
24683
4919
58969
8914
61711
71862
40137
76601
17964
19158
42112
42446
29386
38443
87599
33886
34295
26032
36874
63252
69629
95881
47570
94814
14922
65836
16453
81701
63582
80510
78086
20448
24449
19634
3265
84610
39308
95017
46256
73817
560
39763
24708
17920
5694
88093
91744
20847
29495
16195
83549
13146
35416
48464
27269
95331
22637
31397
30534
55391
23029
84400
62324
1436
78539
84742
61032
273
71814
57407
5962
17875
59773
7156
77417
57849
51341
84204
23531
33146
73620
50073
81755
22723
29936
99915
20772
81582
52564
12991
99462
57847
81672
20585
99808
96489
85928
39982
68562
60160
15774
31774
94356
85959
76430
26394
85328
44927
82444
9700
26296
76559
97996
81129
93310
34362
77305
45161
64509
27938
58267
5447
3210
87381
99899
34925
91582
60628
35888
31260
22018
2324
27089
80133
52042
66967
12214
68495
57717
55585
37112
72846
25796
5873
45258
87964
12036
30919
62092
67814
1878
66526
19833
13015
11265
37866
69635
42038
50966
86410
49772
78836
63286
85201
51496
31743
31941
1877
40065
21381
25099
9570
73244
38467
33992
30169
44013
36295
92244
66629
25998
42621
51588
97339
82255
91730
45336
23747
58178
61405
86174
62066
31559
25457
7039
23011
82640
25045
87194
30244
54131
37090
65164
7501
91896
3483
84954
22794
14963
76066
15784
54457
17081
42687
46025
73474
65183
52255
96652
82633
79697
3084
22134
35066
90309
13123
78821
77187
76254
62682
57740
11356
58073
150
63160
88012
11677
26729
27484
15665
92762
73540
21403
80994
61486
24806
14123
97753
59783
57413
40371
67810
80515
57112
65297
3367
22394
47485
47894
33775
52358
48376
79085
95494
27116
96658
94538
3789
56684
33802
8608
70920
86941
35416
88893
64854
68355
2081
799
38220
54084
88433
89103
91204
84608
17609
71790
19975
18487
43219
88299
26665
93444
16827
36826
77958
44190
82004
98501
3984
25578
70175
31417
30782
95971
556
32249
74680
32136
59289
98004
86979
16749
21898
1575
67685
41093
29667
52116
11774
32237
57805
59106
92102
24816
73097
29737
73025
53097
23995
70315
19008
9524
47006
89630
71144
5200
16862
44657
86776
16627
7285
25548
5188
70524
27313
91505
14672
24179
43265
19457
61965
70017
13224
3884
85297
63841
28911
53575
50448
65229
92112
63111
63765
11663
77199
35303
434
70766
25063
17689
56691
19407
26083
81980
14238
900
76098
95836
30307
91326
3745
16657
82455
49773
99135
40507
43348
85044
61464
99025
86548
25507
46789
82781
50477
77362
45924
17228
28837
53031
99838
79929
28541
98880
94407
93141
70111
71410
9441
18115
74653
59752
44006
73358
6762
90915
40037
22833
95892
57756
3701
31177
60467
69718
64487
76805
62116
99408
59033
39483
84147
32558
70206
90696
29851
16011
48988
17642
5539
17432
86537
31002
70366
291
48830
3242
89465
20890
32947
52027
72455
1051
48499
63173
24586
8901
85168
83695
52438
83342
59054
36856
94499
37469
4699
94835
63408
69624
77034
62770
78709
75000
45598
80899
77021
15827
48778
94243
70296
59367
59699
96250
63045
60917
69793
96305
29763
2220
85383
62264
47696
69475
33616
39206
49574
59937
58388
19205
24598
63624
57404
62414
96691
81337
72586
9125
68977
14510
15992
34189
97257
95040
75800
92359
35027
26943
60551
2698
27865
99295
99180
45460
65766
77707
32249
34833
91607
75328
33196
56996
37861
81705
76046
62103
77425
13762
63128
38892
14639
64697
48731
83126
99026
69739
93441
51055
51872
80033
93245
8545
22102
45108
43301
32456
15916
46771
69940
85356
27344
13500
49502
17991
89373
3824
49415
26348
35058
52003
71583
32400
36542
8256
56067
89985
3025
73985
20373
1493
43480
92709
74927
50750
84245
45922
27943
84358
86209
90629
21735
44666
95539
20670
67460
73023
88167
86012
89605
31257
53836
20962
10060
40390
66268
72524
24407
68792
9287
72869
17195
99931
42391
38598
41703
75644
55611
23825
4727
62971
40323
53735
67163
21867
24881
99819
75764
36762
98116
50572
95813
47490
48630
37778
17616
51750
90083
9664
48183
33863
51056
34248
96135
42922
20199
59478
54224
21850
44027
40527
63420
75699
2534
1790
82246
60308
62994
96949
67172
82954
81476
82052
2625
80911
89637
32886
84274
27471
27654
957
81101
40391
54515
541
83220
46216
6677
56424
14515
74907
6386
33706
58226
28648
86637
83007
76959
6821
2496
7535
81789
36437
73859
16972
70252
1936
39145
4085
88069
1966
71718
38987
54544
2099
91779
74500
45830
32880
71705
84986
50334
51855
44170
81373
52539
92284
27204
93190
80709
51320
28947
44643
83913
9918
1339
37931
71599
97882
15390
62890
29885
69913
55386
38583
97255
45168
2553
51738
66773
3653
95718
15538
70622
94433
32120
31146
81634
63788
20745
70540
41836
5302
62409
22174
66259
83425
48518
11133
41175
48183
36474
97544
84569
76149
79226
42942
20324
15550
16637
82703
13889
37124
70939
52975
47970
68637
72433
526
9795
69081
69609
87588
77254
33478
42788
62621
57037
26623
22125
25349
34081
13060
28814
18356
85436
35579
14683
95776
46675
55905
28910
92841
59602
47916
84083
90361
34527
87015
68303
77275
77996
37323
98812
65961
61546
17094
38961
1778
5074
6193
46811
73071
52055
98940
84715
35445
26033
83342
32345
41008
57005
43861
99892
20243
15480
28118
29114
82910
88491
41838
39596
10315
32317
96244
89599
50172
56663
58814
32528
51633
2525
13368
53490
37166
91266
73505
49193
97584
66376
65994
42550
86518
32915
10588
46297
7727
766
74321
58647
68701
57009
21488
81163
36406
93936
29200
30260
68040
60019
79468
72958
82899
59017
85483
42859
72921
95022
18437
25963
86061
36088
47144
97953
98939
63085
79426
53541
24867
73760
86592
49460
48747
3065
52640
26090
92842
57349
50757
55840
76993
51407
34645
87903
80738
29312
9226
86822
2701
12212
28147
66775
27815
89478
16869
95441
60373
96740
28681
35832
5758
59758
84498
11623
30970
90817
39450
2007
75691
29985
55338
45173
75185
67279
26725
30856
44184
3364
16925
29218
63267
75926
12943
30555
65702
54746
33327
45149
76439
61784
81601
18514
31516
76137
7920
54472
30481
32089
31102
61162
6183
98662
29558
90874
52465
38870
84410
60876
90928
22849
65759
11326
84802
60645
70047
60187
51661
76178
69441
94171
63181
98577
71330
51917
26223
97823
12008
10516
45113
40677
96721
43099
50988
15441
16487
5594
92193
98318
73115
40157
20107
23741
83097
11097
88548
53074
1452
80091
73970
78636
14501
66791
97691
45698
6373
1509
92702
29343
4168
49926
45867
26090
65280
74922
15450
2275
18134
6817
261
22643
9296
65604
99137
91423
51406
45254
73975
27619
80928
43009
91044
21471
48392
45300
99462
61660
13754
44728
5934
81089
77141
56341
92663
9813
51136
14048
89324
77680
81404
91845
89026
33874
74545
46967
97252
31296
90109
61300
60667
39568
85466
23720
42322
91498
52282
16784
30413
3601
24103
25819
74368
63920
79371
80611
15531
99556
46403
99619
58357
52552
33644
34305
72859
78667
97256
65960
82701
94841
24456
67834
86687
9137
33607
22697
8814
71680
85999
5996
93819
4601
86758
68972
42311
31097
87910
53610
15051
38784
42888
73578
39567
63020
23194
11796
53702
1605
7677
15629
81696
17784
39509
19611
30141
34187
59346
93086
76865
83147
88548
12305
67932
31529
19321
84338
58041
89146
75500
39351
86730
52825
1998
28754
77118
21482
43390
34226
61205
84148
20080
42284
92847
1997
70360
203
88856
88194
9465
11527
99711
30781
66697
59577
88346
75133
5789
95924
90138
94890
58989
36015
28289
44704
83619
39654
10289
5917
18908
88688
47821
57285
92782
77098
34886
16688
38466
27181
48810
3389
76221
9424
9519
78502
52238
56735
45305
89143
21057
94273
59314
71936
80045
7193
98771
13464
9031
20010
81550
26462
32832
94869
88253
78568
69317
3309
23629
15605
37736
34613
91889
4206
21472
62504
49618
75041
2576
6261
70521
39593
83640
69422
83720
54954
42103
84278
83788
49322
80048
10307
27463
88981
92240
57562
49580
80179
80699
65956
4445
22790
6090
90592
67775
49121
47929
70318
31386
30910
46599
19851
98176
58727
92468
76413
91005
84320
78347
93311
88846
53842
31378
22657
7908
4211
17866
59658
95060
40511
64028
81410
11152
96091
49733
88560
60466
92932
96112
33595
1534
70191
81671
64753
94593
18583
37528
15020
10082
92254
26543
85892
26124
82666
51225
59379
31447
40549
89906
78097
75767
44342
16230
84921
42192
68642
60393
79636
25525
33121
66219
3888
17865
97188
66382
70614
29442
31749
69729
91163
68793
1007
9410
4076
82357
59573
56074
97014
74632
58372
576
57850
69919
92148
47164
88304
78683
85477
45229
65616
95012
15602
35401
79997
80369
84640
37505
66858
48069
10975
79755
35527
75322
77923
91004
30706
62131
45315
90037
87942
95800
38043
50110
61893
59921
40601
77670
23237
17510
2822
6327
52888
80117
71480
7301
56698
61631
3356
21866
97361
73194
61922
97090
3913
20521
92957
47543
39128
93043
7626
17973
46436
43633
16353
54009
52883
91135
46497
94635
16484
75197
41520
30956
36116
37022
13796
12809
51162
3577
7446
37514
12932
92119
66829
59371
71299
19882
33458
92524
80146
55143
5997
65921
15072
93005
68689
6094
22494
51035
89027
87194
56834
62353
68504
84668
86207
77351
50991
45636
14343
66791
5175
3259
4666
32826
40695
96095
80036
60405
19381
15024
84836
60548
61303
22498
95081
89736
64286
98198
51476
6540
98809
73939
49627
40939
36339
56727
96197
87922
29353
61818
49636
31734
49767
67341
75770
11019
92513
95894
90781
81956
36552
82703
81338
44277
56806
32768
18704
11176
53382
78157
77774
87068
74059
2833
323
35147
80609
53311
17746
73441
82138
17876
78909
2134
31933
7958
39627
55860
76333
7560
60867
32252
47300
34109
5860
15820
30941
60263
658
14215
67689
91143
15934
88678
59099
61636
55001
67546
93179
9489
8324
11206
75199
76001
60662
66316
91434
44541
54438
14604
22817
1349
45228
43682
43701
87313
84646
37800
93962
45432
15475
98380
83230
87330
81645
64865
51466
25216
31739
28557
56138
63727
22162
1577
97782
44280
81805
40243
12457
76070
24249
59534
31346
36404
60848
19222
93027
65034
51871
5477
69452
81561
50169
42488
46244
45722
27635
92613
23503
86415
61870
5271
91466
97686
30556
2698
83558
71350
69997
65150
89002
33043
99562
85815
1735
30562
7177
55078
48617
9165
96776
76877
98088
75363
23854
84198
90633
37651
36792
13327
69533
39477
12398
62190
42571
44290
35553
76742
11290
12001
1269
83778
90402
66425
50865
64777
88947
57952
7946
67940
58348
16718
98472
71480
86058
46168
17298
6901
35292
49196
74877
84742
70922
53730
14622
69468
99457
97583
54003
69614
69306
71962
35128
67433
8877
95515
84438
23708
4189
49431
62765
32984
15951
58602
90932
9928
75463
82064
69729
77612
73939
12284
78332
84771
79413
32154
76283
5000
70203
78142
97075
94699
22245
28680
99238
2125
97013
62359
25486
70987
98165
79987
50727
66884
74391
28643
156
33405
74176
15359
29224
23296
52952
65349
72626
98275
59647
35088
68610
74955
78399
78333
59455
75658
66999
83855
90721
59392
69787
66164
14194
46377
70150
46035
76305
14159
53021
14956
23333
10500
92342
4117
96113
85861
73445
32369
18624
45913
58577
81320
26665
66686
78947
91637
6070
30679
20606
26929
99741
17146
61036
18299
48303
8935
89747
55017
1379
14988
88962
43519
70311
49504
2342
47462
19945
92776
2045
21471
90502
59942
80734
4675
96178
55160
43315
48228
4929
24055
71812
94896
70494
75674
32121
73944
57987
5685
25816
25575
3945
12346
20406
61804
66324
62384
44762
24661
6881
10838
48284
60615
38532
37483
12685
16975
8563
52104
96450
29188
7713
25246
58526
53214
48650
89471
64341
96208
67252
55621
35665
99803
27044
67302
2707
87385
18063
11398
48371
13034
78595
19545
49230
81345
66219
81715
60315
17547
11068
19038
31487
69564
68712
61257
39221
57241
20991
65716
77316
68357
24610
14036
44940
75122
5120
92086
9426
69825
66014
62123
26595
95087
38771
56121
15185
1940
59386
87918
12969
71943
73999
73482
37663
97391
3001
12804
5838
50252
38033
82804
79629
95357
81414
31766
52092
6451
95450
4561
21761
47966
99636
58113
1171
19609
6315
84616
77128
80291
59924
21281
45602
54239
36283
99427
54159
57753
40618
52982
24455
93349
35879
61769
20201
13281
48581
35346
63980
12702
73428
31222
67669
38715
86272
73208
73131
5643
24656
1797
59627
64921
7706
34209
77723
33371
63799
85747
81844
71451
27866
37040
36226
98541
27795
62046
32906
92007
16080
98308
92701
33467
65577
83801
49468
53148
84958
63386
12990
6681
34383
36700
26320
43080
74893
55786
85168
41094
30409
43107
74644
31671
89400
93886
2849
8942
42917
82347
61740
24777
84628
38041
21059
52548
69125
43070
28216
50621
72572
57854
29884
31209
73936
27763
94888
26205
67757
70862
13906
36453
2411
47643
78369
32908
15017
43166
39573
23943
36746
61990
60104
7274
24115
16920
44482
91052
94438
71395
97245
10041
20828
44995
2981
73991
26270
82619
96229
60436
24484
59393
56162
85345
43251
80103
19662
52481
42236
44677
98340
95208
19008
71219
11500
45368
15254
55401
72826
42127
77027
86304
42256
95321
90494
61117
22009
72942
32556
1263
46921
34888
51545
51022
74889
24544
5374
1240
6072
86915
58709
35666
85959
50296
35381
93489
29724
75767
93672
46999
86091
41370
10685
95163
27043
14735
86555
44303
94353
27332
33149
57676
21652
69508
47142
81890
91173
43874
42430
34775
94432
57452
94066
81240
77554
34448
2359
38569
54332
19021
42830
96047
65689
70668
16956
49630
48639
56411
25232
26022
31477
51776
67073
84139
69224
99037
47292
97444
88981
89866
75175
4314
66606
21056
19724
4270
1890
26843
51936
32162
30016
31519
7805
6641
84267
58753
97108
38602
84837
85191
59504
64275
37271
60867
95433
33374
61197
41324
15530
21533
61253
19854
96618
98752
2590
19308
30708
11671
34865
20556
68775
46955
87841
345
87610
38298
3815
45119
90258
73263
14165
4829
90855
93536
54630
212
87740
9413
80618
14245
51330
91764
49252
50886
82849
8870
30080
22521
60375
12521
74275
49432
66332
89675
71031
36741
16243
85654
6971
26608
30853
51022
61242
43944
51186
86673
91467
30460
47701
22516
78974
74002
48964
93284
12604
33127
53324
27613
99324
35558
24592
54186
42253
26567
62697
6054
55071
13490
86511
97969
46928
23680
45744
32192
13733
66274
30925
96074
53558
64483
66133
9262
11388
2255
46057
27518
21763
50494
81268
66702
33244
9145
16929
12350
56965
59505
94732
10432
1826
13929
89753
89241
20082
79070
9975
31801
49504
17612
19189
82771
13094
44318
78909
43249
42905
23995
66686
38546
36810
67993
29693
75041
31788
26370
89573
99724
64284
44395
2742
15964
42381
3433
8665
98242
86666
58440
87549
17274
50459
38557
49813
24940
5344
61296
74989
66701
68230
67754
57105
42983
31003
10077
74843
77005
45562
32627
70669
27168
80658
42607
38329
49153
69502
17536
58580
84624
56642
62655
8019
96988
78599
84300
70006
45688
38577
75085
39646
4193
89761
14738
91255
3656
59104
53817
29003
29042
68086
15945
10401
72156
96057
40029
87589
18997
